0.0 -0.00496835801053
0.5 0.0121782937102
1.0 0.00729636154695
1.5 0.00117852215811
2.0 -0.00283086853638
2.5 -0.00670797029294
3.0 -0.00890121405734
3.5 -0.0111063204169
4.0 -0.0131561585044
4.5 -0.0149603882162
5.0 -0.016801950999
5.5 -0.0183221746423
6.0 -0.0200176435331
6.5 -0.0214857603267
7.0 -0.022669829366
7.5 -0.0239065090856
8.0 -0.0250897998932
8.5 -0.0263288202051
9.0 -0.0272815193778
9.5 -0.0282050137945
10.0 -0.0292457584385
10.5 -0.0300646304093
11.0 -0.0308434970892
11.5 -0.0315646276487
12.0 -0.0322204799823
12.5 -0.0328239802725
13.0 -0.0333525926076
13.5 -0.0338306026737
14.0 -0.0342942029242
14.5 -0.0345910722896
15.0 -0.0348258761204
15.5 -0.0350980010091
16.0 -0.0352371246755
16.5 -0.0353042278793
17.0 -0.0353253597849
17.5 -0.0353326982472
18.0 -0.0352754772318
18.5 -0.0351399149261
19.0 -0.0349328946517
19.5 -0.034744021565
20.0 -0.0344415182602
20.5 -0.0340900847722
21.0 -0.0337268222242
21.5 -0.0333284136334
22.0 -0.0328949318021
22.5 -0.0323955592019
23.0 -0.0318958313455
23.5 -0.0313733175198
24.0 -0.0308246479621
24.5 -0.0302596731972
25.0 -0.0296477223445
25.5 -0.0290263842451
26.0 -0.0283917087286
26.5 -0.0277568769823
27.0 -0.0271090410955
27.5 -0.0264482396571
28.0 -0.0257607261723
28.5 -0.0250997122705
29.0 -0.0244368047797
29.5 -0.0238163884806
30.0 -0.0231340520383
30.5 -0.0224511757394
31.0 -0.0218147974176
31.5 -0.0211629801192
32.0 -0.0204989550006
32.5 -0.0198576502749
33.0 -0.0192399248436
33.5 -0.0185995935015
34.0 -0.0179875429808
34.5 -0.0174036803172
35.0 -0.0168233135805
35.5 -0.0162388192502
36.0 -0.0156633552824
36.5 -0.0151062611755
37.0 -0.0145624699918
37.5 -0.0140274850502
38.0 -0.0134967238887
38.5 -0.0129787340736
39.0 -0.0124889000678
39.5 -0.0120238627415
40.0 -0.0115438396186
40.5 -0.0111018269731
41.0 -0.0106511516344
41.5 -0.0102210767389
42.0 -0.00980463335669
42.5 -0.00939305953264
43.0 -0.00899081699228
43.5 -0.00860476536337
44.0 -0.00823086794491
44.5 -0.00786826347816
45.0 -0.00750732347479
45.5 -0.00718056995287
46.0 -0.00684882612368
46.5 -0.00654000017368
47.0 -0.00624204980443
47.5 -0.00593313532172
48.0 -0.00564959980547
48.5 -0.00536931399938
49.0 -0.00510753128758
49.5 -0.0048642845062
50.0 -0.00458208368308
50.5 -0.00433475894402
51.0 -0.00411608579053
51.5 -0.00389837613586
52.0 -0.00369267057018
52.5 -0.00347469183023
53.0 -0.00329579603461
53.5 -0.00310866457759
54.0 -0.00292167701479
54.5 -0.00275989332961
55.0 -0.00256210345288
55.5 -0.00239539573417
56.0 -0.00225962142978
56.5 -0.00207410009806
57.0 -0.00193764845804
57.5 -0.00181054420839
58.0 -0.00168028976549
58.5 -0.00155850164151
59.0 -0.00143028510582
59.5 -0.00131194277562
60.0 -0.00119655227654
60.5 -0.00110131608882
61.0 -0.000988565177485
61.5 -0.000864668405415
62.0 -0.000782884515694
62.5 -0.000692979931964
63.0 -0.000616818627325
63.5 -0.000536991952917
64.0 -0.000433755483382
64.5 -0.000386240053583
65.0 -0.000301098621218
65.5 -0.000239522496219
66.0 -0.000178249512519
66.5 -0.00012956367741
67.0 -4.9822496484e-05
67.5 -1.81463715805e-05
68.0 3.87424550805e-05
68.5 7.38533149178e-05
69.0 8.92448500416e-05
69.5 0.00011988267239
70.0 0.00014846870862
70.5 0.000257206854787
71.0 0.000285750568603
71.5 0.000312604883456
72.0 0.000354786548986
72.5 0.00036690825161
73.0 0.000327119650892
73.5 0.000357399101732
74.0 0.00041096366944
74.5 0.000386980439028
75.0 0.000416036895793
75.5 0.000410095899722
76.0 0.000398308942145
76.5 0.00048515051782
77.0 0.000508012277448
77.5 0.000522978255129
78.0 0.000509941573279
78.5 0.000479556188997
79.0 0.000434974897075
79.5 0.000407221347881
80.0 0.000433664973718
80.5 0.000459946860028
81.0 0.000438324451276
81.5 0.000400498419797
82.0 0.000426469703999
82.5 0.00044933101503
83.0 0.000450953863783
83.5 0.000446218557688
84.0 0.000426160579813
84.5 0.000372277222365
85.0 0.000339841826747
85.5 0.000293572131476
86.0 0.000292022478011
86.5 0.000223967815234
87.0 0.000153691583908
87.5 0.000177162280593
88.0 0.000160011830207
88.5 0.00018601255266
89.0 0.000201496096935
89.5 0.000111605488577
90.0 0.000190645476792
90.5 0.000105530401832
91.0 2.32591423348e-05
91.5 -3.38827936694e-05
92.0 -9.30720363463e-05
92.5 -7.71435009916e-05
93.0 -0.000149325179642
93.5 -0.000274454852313
94.0 -0.000144155837102
94.5 -0.000222093542174
95.0 -0.00037344615987
95.5 -0.000446348787079
96.0 -0.000444523158617
96.5 -0.000438504810447
97.0 -0.000506101145511
97.5 -0.000574402324684
98.0 -0.000671544868357
98.5 -0.000780914048072
99.0 -0.000764529003145
99.5 -0.000727938298326
100.0 -0.000470572868231
100.5 -0.00096789242901
101.0 -0.00108486515192
101.5 -0.00121450868971
102.0 -0.00114766269595
102.5 -0.00119637367221
103.0 -0.0013670642508
103.5 -0.00156481389296
104.0 -0.00164782925775
104.5 -0.00163381224642
105.0 -0.00134133256223
105.5 -0.00186548954969
106.0 -0.00196061182975
106.5 -0.00227034030024
107.0 -0.00240705269688
107.5 -0.00250079067472
108.0 -0.00263801611078
108.5 -0.00266741165007
109.0 -0.00274445677994
109.5 -0.00317468726851
110.0 -0.00319155462372
110.5 -0.00299947285428
111.0 -0.00329242533095
111.5 -0.00370667637222
112.0 -0.00396360128373
112.5 -0.00428705238004
113.0 -0.00477254801943
113.5 -0.00526478875985
114.0 -0.00474265888045
114.5 -0.00440975729362
115.0 -0.00543604604856
115.5 -0.00501984303939
116.0 -0.00536096107675
116.5 -0.00552978921182
117.0 -0.00496002978169
117.5 -0.00586886646707
118.0 -0.00505645327621
118.5 -0.00361715254844
119.0 -0.00184938294291
119.5 0.00650615504946
120.0 0.00899673420361
120.5 0.00800339351879
121.0 0.00436264602855
121.5 -0.000281201640277
122.0 -0.00245551369663
122.5 -0.00354573446342
123.0 -0.00319482382842
123.5 -0.00354001937414
124.0 -0.00330870011692
124.5 -0.00332493743848
125.0 -0.0034559374851
125.5 -0.00335049712676
126.0 -0.0031591155383
126.5 -0.00416483556627
127.0 -0.00409542296683
127.5 -0.00342030858698
128.0 -0.003487211015
128.5 -0.00394087135507
129.0 -0.00327063139925
129.5 -0.00299288472652
130.0 -0.00277268973914
130.5 -0.00257222625575
131.0 -0.00227507979646
131.5 -0.00250867300613
132.0 -0.00249352247381
132.5 -0.00224797168275
133.0 -0.00181839220819
133.5 -0.00180933658235
134.0 -0.00202636274829
134.5 -0.00170335831139
135.0 -0.00141371193715
135.5 -0.00175134296396
136.0 -0.00159228595859
136.5 -0.00141986983309
137.0 -0.00122642415313
137.5 -0.00124419750012
138.0 -0.00111521789547
138.5 -0.00103016595418
139.0 -0.000920220639575
139.5 -0.000788080364025
140.0 -0.000610724574706
140.5 -0.000906625761477
141.0 -0.000755047801949
141.5 -0.000751361796397
142.0 -0.000475917953377
142.5 -0.000556141736853
143.0 -0.000588760916111
143.5 -0.000467392273533
144.0 -0.000345873404541
144.5 -0.000144466947216
145.0 -9.18278379558e-06
145.5 -0.000226410390446
146.0 -0.000188990224775
146.5 -0.000200892641073
147.0 -0.00015040300868
147.5 -1.75268941054e-05
148.0 0.000192686765476
148.5 0.000292184519353
149.0 0.000173355123293
149.5 0.000198214841324
150.0 0.00018680223262
150.5 0.000266504487607
151.0 0.000424341237163
151.5 0.000638356577827
152.0 0.00059968255626
152.5 0.000550169562082
153.0 0.00059714711789
153.5 0.000634182311369
154.0 0.000646669508892
154.5 0.000685583908931
155.0 0.00069315723889
155.5 0.00066821405402
156.0 0.000654828660089
156.5 0.000727844451838
157.0 0.000882592371479
157.5 0.00102185028301
158.0 0.00113694655687
158.5 0.00133295654814
159.0 0.00139412663261
159.5 0.00131255358709
160.0 0.00133445455552
160.5 0.00131884433141
161.0 0.00136575482685
161.5 0.00141995675556
162.0 0.0014990835851
162.5 0.00158569913515
163.0 0.0016727179726
163.5 0.00174020559852
164.0 0.00178880856249
164.5 0.00184537836575
165.0 0.00194292771861
165.5 0.00170393517233
166.0 0.00190123287008
166.5 0.00215864750537
167.0 0.00239724395899
167.5 0.00268211634505
168.0 0.00284351601003
168.5 0.00275932008916
169.0 0.00258682481962
169.5 0.00292868481156
170.0 0.00328327874649
170.5 0.00336535978391
171.0 0.00350920882408
171.5 0.00317852662019
172.0 0.00355920593793
172.5 0.00398671937633
173.0 0.00405079122328
173.5 0.00402275262505
174.0 0.00400645003465
174.5 0.00384282042155
175.0 0.00362739369956
175.5 0.00280433142457
176.0 0.00248063899168
176.5 0.00219949569502
177.0 0.00185813878419
177.5 0.00376548930183
178.0 0.000500723253964
178.5 0.000555174972689
179.0 -0.00372871384465
179.5 -0.00599962700973
180.0 -0.00556150714351
180.5 -0.00593976490705
181.0 -0.00234672157782
181.5 -0.000266472133461
182.0 0.0017999586986
182.5 0.00312565021186
183.0 0.00197311015722
183.5 0.00210425882061
184.0 0.00176565213336
184.5 0.00169567315109
185.0 0.00178553054599
185.5 0.00156622283076
186.0 0.00158705984684
186.5 0.00129309713479
187.0 0.00141265955816
187.5 0.00122478509205
188.0 0.000844510791154
188.5 0.000455996320724
189.0 0.00015569671433
189.5 -0.000253361712069
190.0 -0.000471966497358
190.5 -0.0010272938146
191.0 -0.00129623215879
191.5 -0.00171756563454
192.0 -0.0022260989972
192.5 -0.00261597297028
193.0 -0.00324224175763
193.5 -0.00372697170904
194.0 -0.00458479234956
194.5 -0.00574845867921
195.0 -0.00652691422373
195.5 -0.00782025047194
196.0 -0.00992859512021
196.5 -0.0117442212569
197.0 -0.0141466730375
197.5 -0.0163979134057
198.0 -0.0218974503565
198.5 -0.0297271867683
199.0 -0.045366876364
199.5 -0.0710807180168
