0.0 -0.00129835692362
0.5 0.017194461661
1.0 0.0135644979366
1.5 0.00704373476024
2.0 0.00249397847312
2.5 -0.00136582282147
3.0 -0.00398310718795
3.5 -0.00647739572895
4.0 -0.00878683633368
4.5 -0.0108954673508
5.0 -0.0129665134736
5.5 -0.0146663038701
6.0 -0.0165330101497
6.5 -0.0181794949647
7.0 -0.0195749357838
7.5 -0.021059001207
8.0 -0.022448440381
8.5 -0.0238063642117
9.0 -0.0250615945771
9.5 -0.0262869925551
10.0 -0.0274807987527
10.5 -0.0285591119461
11.0 -0.0296201997574
11.5 -0.0306327209177
12.0 -0.0315272982021
12.5 -0.0324238237156
13.0 -0.0332882647363
13.5 -0.0339923908059
14.0 -0.0346639401025
14.5 -0.035333801198
15.0 -0.0358383383246
15.5 -0.0363268046691
16.0 -0.0367382005692
16.5 -0.0370585132622
17.0 -0.0373370157541
17.5 -0.0375715426075
18.0 -0.0377169520388
18.5 -0.0378236185457
19.0 -0.0378436293449
19.5 -0.0378085771718
20.0 -0.0377112502437
20.5 -0.037560688733
21.0 -0.0373307356058
21.5 -0.0370609271713
22.0 -0.0367515830148
22.5 -0.0363522951351
23.0 -0.0359522223086
23.5 -0.0355391411844
24.0 -0.0350684586069
24.5 -0.0345540690292
25.0 -0.0339897693791
25.5 -0.0333856737298
26.0 -0.0327822324493
26.5 -0.0321465989456
27.0 -0.0315020557214
27.5 -0.0308415405976
28.0 -0.0301365318489
28.5 -0.02944252465
29.0 -0.0287771136853
29.5 -0.0280659128623
30.0 -0.027340757296
30.5 -0.026615064303
31.0 -0.0258906833076
31.5 -0.0251569014017
32.0 -0.0244328887375
32.5 -0.0237263909092
33.0 -0.0230302889076
33.5 -0.0223067609867
34.0 -0.0216249187244
34.5 -0.0209354707594
35.0 -0.0202532416536
35.5 -0.0195825268072
36.0 -0.0189320321243
36.5 -0.0182791163246
37.0 -0.017627687819
37.5 -0.0169979656301
38.0 -0.0163892090615
38.5 -0.0158029855226
39.0 -0.0152053913902
39.5 -0.0146512931621
40.0 -0.0141097950836
40.5 -0.0135579515807
41.0 -0.0130260612003
41.5 -0.012527462374
42.0 -0.012019100309
42.5 -0.0115183422336
43.0 -0.0110497276332
43.5 -0.0105950190346
44.0 -0.0101625301306
44.5 -0.00971585812184
45.0 -0.00931421371631
45.5 -0.00890931828847
46.0 -0.00850481934959
46.5 -0.0081270003465
47.0 -0.00775980291041
47.5 -0.00739944658267
48.0 -0.00707986804576
48.5 -0.00674521276615
49.0 -0.00641993069214
49.5 -0.00612904825167
50.0 -0.00579380197542
50.5 -0.00550016014462
51.0 -0.00521697360751
51.5 -0.00495350693229
52.0 -0.00469917602015
52.5 -0.00444166609216
53.0 -0.00421766241157
53.5 -0.00399369354342
54.0 -0.00377571483542
54.5 -0.00356929049783
55.0 -0.0033243910863
55.5 -0.00312549170653
56.0 -0.00293869981536
56.5 -0.0027527730468
57.0 -0.00258221289961
57.5 -0.00240451749917
58.0 -0.00226820459797
58.5 -0.00212431621427
59.0 -0.00195920025263
59.5 -0.00179544583111
60.0 -0.00167689897782
60.5 -0.00155887604029
61.0 -0.00138486545779
61.5 -0.00126277431046
62.0 -0.00117268786675
62.5 -0.00105218925028
63.0 -0.000951202796477
63.5 -0.00086178749099
64.0 -0.00077113376839
64.5 -0.000694764799567
65.0 -0.000601638740283
65.5 -0.000516046560341
66.0 -0.000430864015676
66.5 -0.000368607671286
67.0 -0.000276723387834
67.5 -0.000214612256885
68.0 -0.000164609843178
68.5 -0.000128368370698
69.0 -3.12084881529e-05
69.5 -1.50781109269e-05
70.0 3.05419881883e-05
70.5 0.000102036542845
71.0 0.00015338445143
71.5 0.000191417003926
72.0 0.000242696201656
72.5 0.000284481489643
73.0 0.000297311823269
73.5 0.000319241720746
74.0 0.000309926565576
74.5 0.000322261647865
75.0 0.000463289591773
75.5 0.000410376643483
76.0 0.000435065131393
76.5 0.000503188134108
77.0 0.00050102063031
77.5 0.000451834156966
78.0 0.000474391161179
78.5 0.000527338631228
79.0 0.000519389992391
79.5 0.000490046409602
80.0 0.000548015550578
80.5 0.000489879391255
81.0 0.000556821104043
81.5 0.00052745959151
82.0 0.000524883029023
82.5 0.000557238426282
83.0 0.000545201500895
83.5 0.000527173694337
84.0 0.000521953067036
84.5 0.000531937801366
85.0 0.000559476664151
85.5 0.000479345425884
86.0 0.000468001981485
86.5 0.000416234409844
87.0 0.000364969238795
87.5 0.000436155133432
88.0 0.000440868476637
88.5 0.000398167115666
89.0 0.000318182859804
89.5 0.000353551138073
90.0 0.000309094486948
90.5 0.000183242548289
91.0 0.000158270601357
91.5 0.000180844859571
92.0 0.000202872703163
92.5 0.000179381565694
93.0 9.71923420963e-05
93.5 3.35572920491e-05
94.0 -3.76443044203e-06
94.5 -5.53154060512e-05
95.0 -0.000165036444418
95.5 -0.000186076151362
96.0 -0.000170522567881
96.5 -8.92357398712e-05
97.0 -0.000252468911953
97.5 -0.000274693583073
98.0 -0.000252152802048
98.5 -0.000393633304618
99.0 -0.000403425652355
99.5 -0.000554025951338
100.0 -0.000506588373032
100.5 -0.000579778026037
101.0 -0.000693395118965
101.5 -0.000723348210869
102.0 -0.000717190206586
102.5 -0.000789108708716
103.0 -0.000901655147345
103.5 -0.00111322322737
104.0 -0.00119012059416
104.5 -0.00113007106751
105.0 -0.00136116330889
105.5 -0.00138887825385
106.0 -0.0015298253564
106.5 -0.00147149914793
107.0 -0.0015594009208
107.5 -0.00179917823852
108.0 -0.00200650634166
108.5 -0.00204542956738
109.0 -0.00213557464505
109.5 -0.00247407910918
110.0 -0.00202251103658
110.5 -0.00232032214191
111.0 -0.00266273676206
111.5 -0.0029536766239
112.0 -0.00298638881686
112.5 -0.00340010972806
113.0 -0.00345878880977
113.5 -0.00327519948539
114.0 -0.00340489322843
114.5 -0.0036339006794
115.0 -0.00350448066145
115.5 -0.00383634668738
116.0 -0.00410602963088
116.5 -0.00341303490069
117.0 -0.00386174028367
117.5 -0.00530484175385
118.0 -0.00352070924272
118.5 -0.00339281700703
119.0 0.000419939416318
119.5 0.00747970962334
120.0 0.00703202497859
120.5 0.00555191376151
121.0 0.00187350509769
121.5 -0.00316541324527
122.0 -0.00669843732567
122.5 -0.0063556832992
123.0 -0.00558951903621
123.5 -0.00496270221969
124.0 -0.00468551937901
124.5 -0.0045696442907
125.0 -0.00463546679438
125.5 -0.00430903769538
126.0 -0.00426838610832
126.5 -0.00438096450404
127.0 -0.00430349696758
127.5 -0.00408577343475
128.0 -0.0038264159578
128.5 -0.0039188175598
129.0 -0.00420579616958
129.5 -0.00359494072248
130.0 -0.00326171078321
130.5 -0.00307466925085
131.0 -0.00285428659974
131.5 -0.0031028076507
132.0 -0.00300701038134
132.5 -0.00272573684422
133.0 -0.00251289449375
133.5 -0.00242183939361
134.0 -0.00228737951684
134.5 -0.00211297849802
135.0 -0.00204843225895
135.5 -0.00181913714672
136.0 -0.0015676863502
136.5 -0.00186000598882
137.0 -0.00174911168335
137.5 -0.00163574934098
138.0 -0.00131470373885
138.5 -0.00128768864775
139.0 -0.00147066078784
139.5 -0.00128356968925
140.0 -0.00121088996994
140.5 -0.0011554372129
141.0 -0.000986010411452
141.5 -0.000804474228147
142.0 -0.000844800205872
142.5 -0.000919585697835
143.0 -0.00079136790772
143.5 -0.00062080253702
144.0 -0.000545141023276
144.5 -0.00061428864502
145.0 -0.000555479770452
145.5 -0.000511355170783
146.0 -0.000504137666032
146.5 -0.000528780742439
147.0 -0.000484825713464
147.5 -0.000369611965672
148.0 -0.000258724546353
148.5 -0.000102708461572
149.0 -3.96109939335e-05
149.5 -0.000224167012507
150.0 -0.000153625571431
150.5 -3.85773097431e-05
151.0 5.7177377637e-05
151.5 0.000158068047596
152.0 0.000319775718078
152.5 0.000283963938855
153.0 0.000240104200804
153.5 0.000258335895627
154.0 0.000268008573485
154.5 0.000279127440029
155.0 0.000257209693666
155.5 0.000385662206817
156.0 0.00068260696581
156.5 0.000637770567383
157.0 0.000630724861153
157.5 0.000636069440983
158.0 0.000657326193906
158.5 0.000751218580184
159.0 0.000736157365342
159.5 0.000710898083927
160.0 0.000772844819828
160.5 0.000764813055241
161.0 0.00064241711781
161.5 0.000882278051812
162.0 0.00107765887772
162.5 0.00101739994268
163.0 0.0010387625059
163.5 0.0011817886006
164.0 0.00124355743458
164.5 0.00132142419472
165.0 0.00148796349301
165.5 0.00152413917183
166.0 0.00148901668183
166.5 0.00176484821411
167.0 0.00187880952989
167.5 0.00205344927952
168.0 0.00217195761481
168.5 0.0020300220169
169.0 0.00183662569679
169.5 0.00212286829539
170.0 0.00228812916833
170.5 0.00235616487926
171.0 0.0026883981066
171.5 0.00278026493625
172.0 0.00279643660713
172.5 0.00300398720486
173.0 0.00318037240038
173.5 0.00320644341268
174.0 0.00318425208792
174.5 0.00299529429283
175.0 0.00280603559639
175.5 0.00206395476104
176.0 0.00186871434784
176.5 0.00196963702064
177.0 0.00226438637387
177.5 0.00321706594518
178.0 0.0029919375459
178.5 0.000554916855307
179.0 -0.00594227263299
179.5 -0.0071368981379
180.0 -0.00367965585956
180.5 -0.00306458042273
181.0 -0.000488894079069
181.5 0.0019890022903
182.0 0.00161854113523
182.5 0.00351240597904
183.0 0.00282200576237
183.5 0.0025811143264
184.0 0.00217930465428
184.5 0.00247697909006
185.0 0.00210214524974
185.5 0.00174787043376
186.0 0.00177757561489
186.5 0.00166281290784
187.0 0.00135430779748
187.5 0.00116986636723
188.0 0.000946475410814
188.5 0.000615299894193
189.0 0.000328346959577
189.5 -8.24676786237e-05
190.0 -0.000435423957839
190.5 -0.000858883406025
191.0 -0.00115608608949
191.5 -0.0015718996822
192.0 -0.0020207251759
192.5 -0.00237991364938
193.0 -0.00307198297574
193.5 -0.00372261931545
194.0 -0.00452640014004
194.5 -0.00542160538869
195.0 -0.00630002089206
195.5 -0.00793746565476
196.0 -0.00896476738137
196.5 -0.0114576126312
197.0 -0.013854806694
197.5 -0.0162352848456
198.0 -0.0215522040401
198.5 -0.0289042757112
199.0 -0.0441544570031
199.5 -0.0696337633474
