0.0 -0.00276110690722
0.5 0.0091185966895
1.0 0.00647426082232
1.5 0.00204131947058
2.0 -0.00102988968264
2.5 -0.00364059114388
3.0 -0.00520050284072
3.5 -0.00662579577416
4.0 -0.00794535820134
4.5 -0.00950753318752
5.0 -0.0106503589735
5.5 -0.0115178435722
6.0 -0.0124500954376
6.5 -0.0134803736544
7.0 -0.0142883591067
7.5 -0.0150512807759
8.0 -0.0157388164929
8.5 -0.0164188129357
9.0 -0.017042347436
9.5 -0.0176264218611
10.0 -0.018321729799
10.5 -0.0188159108623
11.0 -0.0192964710351
11.5 -0.0197531207775
12.0 -0.0201949960201
12.5 -0.0205834572406
13.0 -0.020969324527
13.5 -0.0213715493079
14.0 -0.0216880099471
14.5 -0.0219578015207
15.0 -0.0222644736496
15.5 -0.0224992096547
16.0 -0.0227008019616
16.5 -0.022894583995
17.0 -0.023038785872
17.5 -0.0231806517087
18.0 -0.0233094742921
18.5 -0.023403305207
19.0 -0.0234621495172
19.5 -0.0235493469634
20.0 -0.0235565429679
20.5 -0.0235458901465
21.0 -0.0235254380358
21.5 -0.0234843170354
22.0 -0.0234196360132
22.5 -0.0233180737133
23.0 -0.0232598662196
23.5 -0.023137645083
24.0 -0.0230093988143
24.5 -0.0228820861847
25.0 -0.0227225370065
25.5 -0.0225448681429
26.0 -0.0223411121564
26.5 -0.022121653797
27.0 -0.0219170553031
27.5 -0.0216732170298
28.0 -0.0214241228773
28.5 -0.0211849379741
29.0 -0.0209187525184
29.5 -0.0206625389393
30.0 -0.0203622626134
30.5 -0.0200584290048
31.0 -0.0197605990137
31.5 -0.0194532626429
32.0 -0.0191360394421
32.5 -0.0188160873494
33.0 -0.0184896785554
33.5 -0.0181568763048
34.0 -0.0178217328092
34.5 -0.0175021508927
35.0 -0.0171685836174
35.5 -0.0168138564644
36.0 -0.0164707879417
36.5 -0.0161212662064
37.0 -0.0157636247343
37.5 -0.0154172969078
38.0 -0.0150779634112
38.5 -0.0147431260535
39.0 -0.0143869482155
39.5 -0.0140524597134
40.0 -0.0137179967511
40.5 -0.0133883568712
41.0 -0.0130522545498
41.5 -0.0127268493114
42.0 -0.0123951563257
42.5 -0.0120649935321
43.0 -0.0117495184039
43.5 -0.011443893248
44.0 -0.0111450851594
44.5 -0.0108201160149
45.0 -0.0105179885328
45.5 -0.0102226942948
46.0 -0.00992231554807
46.5 -0.00964326334122
47.0 -0.00938189039241
47.5 -0.00910089941782
48.0 -0.00883749966694
48.5 -0.00858039408415
49.0 -0.00834071990822
49.5 -0.00808480398941
50.0 -0.00781429465064
50.5 -0.0075832280133
51.0 -0.00732398258647
51.5 -0.00708647215336
52.0 -0.00687508905325
52.5 -0.00666001983761
53.0 -0.00645160614822
53.5 -0.00623416870266
54.0 -0.00604671280799
54.5 -0.00585435996466
55.0 -0.00565028131924
55.5 -0.0054626572965
56.0 -0.0052796578964
56.5 -0.00509495310295
57.0 -0.00492164461066
57.5 -0.00475897814208
58.0 -0.0046154363654
58.5 -0.00444939420977
59.0 -0.0042661716227
59.5 -0.00416001405485
60.0 -0.00402320121115
60.5 -0.00384495969111
61.0 -0.00372791534882
61.5 -0.00358188797929
62.0 -0.00346367783322
62.5 -0.00336108125451
63.0 -0.00322924564313
63.5 -0.00312118091911
64.0 -0.00304544455174
64.5 -0.00296633782701
65.0 -0.00278014499171
65.5 -0.00272006283447
66.0 -0.00260338529877
66.5 -0.00249373054329
67.0 -0.00242290090273
67.5 -0.00235885827313
68.0 -0.00227508391514
68.5 -0.0022062686929
69.0 -0.00215178103683
69.5 -0.00210303758045
70.0 -0.00202671152012
70.5 -0.001940902167
71.0 -0.00186714001639
71.5 -0.00182055460568
72.0 -0.00175619601591
72.5 -0.00168866076409
73.0 -0.00164421031363
73.5 -0.00162918770051
74.0 -0.0015985293435
74.5 -0.0015796805516
75.0 -0.00145827020232
75.5 -0.00145079753396
76.0 -0.00137124013975
76.5 -0.00134151373876
77.0 -0.00130630507599
77.5 -0.00125437677257
78.0 -0.00125973484785
78.5 -0.00120251847592
79.0 -0.00119358815779
79.5 -0.00117623196956
80.0 -0.00117687972002
80.5 -0.0011740298906
81.0 -0.00110957361355
81.5 -0.00110935230234
82.0 -0.00107097122901
82.5 -0.00104012707479
83.0 -0.00103111805795
83.5 -0.00101474781442
84.0 -0.00101381606574
84.5 -0.00109247353363
85.0 -0.00107458508048
85.5 -0.0010842209001
86.0 -0.0010630157666
86.5 -0.00103353937213
87.0 -0.00109037778357
87.5 -0.00110650495186
88.0 -0.00109130674373
88.5 -0.00105662044069
89.0 -0.00117276671601
89.5 -0.00118518679113
90.0 -0.00109845985942
90.5 -0.0011507390419
91.0 -0.00118785021155
91.5 -0.00116270954615
92.0 -0.00120447090601
92.5 -0.00121624341439
93.0 -0.00123882353125
93.5 -0.00128586074827
94.0 -0.00124468879214
94.5 -0.0012538597207
95.0 -0.001320157178
95.5 -0.00140454047172
96.0 -0.0014295357869
96.5 -0.00140110192562
97.0 -0.00153790056365
97.5 -0.00158767746061
98.0 -0.00164024627699
98.5 -0.00174504247629
99.0 -0.00158409224582
99.5 -0.00161878535545
100.0 -0.0015717253233
100.5 -0.00178428626766
101.0 -0.00178569046534
101.5 -0.00184824552397
102.0 -0.00194841736211
102.5 -0.00209270303338
103.0 -0.00218906784015
103.5 -0.00230534603085
104.0 -0.00236895014515
104.5 -0.00248503851448
105.0 -0.0026075472606
105.5 -0.0024834739955
106.0 -0.00251089994629
106.5 -0.00278857580206
107.0 -0.00287498763189
107.5 -0.00300772813126
108.0 -0.00319580008161
108.5 -0.00332405492262
109.0 -0.00348544735809
109.5 -0.00362521920544
110.0 -0.00378539762284
110.5 -0.00388288000425
111.0 -0.00407150188862
111.5 -0.00412641039288
112.0 -0.00431930157754
112.5 -0.00470663366245
113.0 -0.00492482039722
113.5 -0.00537506199737
114.0 -0.00553028062285
114.5 -0.00567742958046
115.0 -0.00505385763577
115.5 -0.00532423328293
116.0 -0.00582635682757
116.5 -0.00524021820421
117.0 -0.0054459953522
117.5 -0.0065671142288
118.0 -0.00412469807533
118.5 -0.00246017693192
119.0 0.000779588202903
119.5 0.00570684391757
120.0 0.00360768048002
120.5 0.00323154310686
121.0 0.00194580366346
121.5 -0.000452690823863
122.0 -0.00532924384368
122.5 -0.00539209424267
123.0 -0.00544509143587
123.5 -0.00560979499723
124.0 -0.00495820677705
124.5 -0.00476410027004
125.0 -0.00480835198036
125.5 -0.00450555567363
126.0 -0.00438982456592
126.5 -0.00447113358842
127.0 -0.00425893609733
127.5 -0.0039252081399
128.0 -0.00357925230381
128.5 -0.00362953053849
129.0 -0.00391235515699
129.5 -0.00334454380292
130.0 -0.00308568970275
130.5 -0.003002142314
131.0 -0.00303568635866
131.5 -0.00273770510114
132.0 -0.00262154086435
132.5 -0.00248780261631
133.0 -0.00223577447259
133.5 -0.00217232069553
134.0 -0.00202711042541
134.5 -0.00184432180643
135.0 -0.00166797704471
135.5 -0.00198089482702
136.0 -0.00180844164812
136.5 -0.00165743610807
137.0 -0.00144794968907
137.5 -0.00134788088662
138.0 -0.00131306542216
138.5 -0.00147540628116
139.0 -0.00132556312221
139.5 -0.00120346101796
140.0 -0.00110638633753
140.5 -0.00103641881135
141.0 -0.000910282265096
141.5 -0.000904919625569
142.0 -0.000749328694358
142.5 -0.000712831302737
143.0 -0.000608266216437
143.5 -0.00053151851721
144.0 -0.000498649253759
144.5 -0.000343845954786
145.0 -0.000268117042009
145.5 -8.57108001853e-05
146.0 -0.000267468135221
146.5 -0.000257846950916
147.0 -0.000209663696776
147.5 -0.000166502797739
148.0 -7.58683314581e-05
148.5 2.72148748596e-05
149.0 1.64316233044e-05
149.5 1.45666464362e-05
150.0 -3.6352195743e-06
150.5 6.58542931179e-05
151.0 0.000195703612767
151.5 0.000293470516288
152.0 0.000372422250598
152.5 0.000436560724454
153.0 0.00058061961764
153.5 0.000604739145347
154.0 0.000487209143524
154.5 0.000596856894612
155.0 0.000709175047982
155.5 0.000801955048836
156.0 0.000947411169118
156.5 0.00113143214246
157.0 0.00114527753031
157.5 0.00110917351685
158.0 0.00109645468594
158.5 0.00118310280272
159.0 0.0011992686319
159.5 0.00120488917939
160.0 0.00129560681529
160.5 0.00131742324515
161.0 0.00137043959606
161.5 0.00142357897712
162.0 0.00133871599598
162.5 0.00155814750376
163.0 0.00182142308051
163.5 0.00189492335281
164.0 0.00186873893193
164.5 0.00186739730569
165.0 0.00180663396803
165.5 0.00201356453729
166.0 0.0021229243134
166.5 0.00234911536564
167.0 0.00239241951256
167.5 0.00256201819162
168.0 0.00274126612235
168.5 0.00285085489284
169.0 0.00290330522889
169.5 0.0030386203847
170.0 0.00319160824915
170.5 0.00275989784608
171.0 0.00338444377338
171.5 0.00376260086111
172.0 0.0038407596621
172.5 0.00411565608907
173.0 0.00431704925275
173.5 0.00451162474275
174.0 0.00465518002471
174.5 0.00463664994773
175.0 0.00464467490011
175.5 0.00412123791853
176.0 0.00419963578398
176.5 0.00469539086706
177.0 0.00389871434199
177.5 0.00574952959556
178.0 0.00425700480879
178.5 0.00141430733828
179.0 -0.00398401997276
179.5 -0.00449646710037
180.0 -0.00212708511313
180.5 -0.00177854187397
181.0 0.000700646276897
181.5 0.0012750484118
182.0 0.000867473176982
182.5 0.00050292549372
183.0 0.000821933759525
183.5 0.000987099610867
184.0 0.000852006106896
184.5 0.000901231108884
185.0 0.00103447715742
185.5 0.000904915392283
186.0 0.00105654130272
186.5 0.00107899226548
187.0 0.00107735905249
187.5 0.000872322504392
188.0 0.000601717048085
188.5 0.000546321994406
189.0 0.000211091127326
189.5 -4.09099099841e-05
190.0 -0.000214180654723
190.5 -0.000656456954559
191.0 -0.000855142540701
191.5 -0.00117347529795
192.0 -0.00157241978863
192.5 -0.00183833435578
193.0 -0.00232435659107
193.5 -0.00261150744261
194.0 -0.00325267153839
194.5 -0.00390410380707
195.0 -0.00448153050058
195.5 -0.00634087218987
196.0 -0.00729232497312
196.5 -0.00860849660553
197.0 -0.0103188208031
197.5 -0.0116054327685
198.0 -0.0145052951711
198.5 -0.0196866716017
199.0 -0.0303315533618
199.5 -0.0463658636281
