0.0 0.000620059045294
0.5 0.0240155925746
1.0 0.0269037311326
1.5 0.0192770458781
2.0 0.0141635673686
2.5 0.00958818567097
3.0 0.00620454874479
3.5 0.00355232422834
4.0 0.000982923120453
4.5 -0.0013760592762
5.0 -0.00378042109705
5.5 -0.00587444252691
6.0 -0.00796138099498
6.5 -0.00993839678279
7.0 -0.0117851364784
7.5 -0.0135946924291
8.0 -0.0152819078771
8.5 -0.016962228095
9.0 -0.0186633160532
9.5 -0.0202059073742
10.0 -0.0217517408388
10.5 -0.023210391471
11.0 -0.024647325922
11.5 -0.0260607514209
12.0 -0.0273822943907
12.5 -0.028685233703
13.0 -0.0299478058684
13.5 -0.0311332889117
14.0 -0.0322785399109
14.5 -0.0334087946315
15.0 -0.0344048236288
15.5 -0.0353763213712
16.0 -0.0362693174942
16.5 -0.0371371769162
17.0 -0.0379077418009
17.5 -0.0386176398895
18.0 -0.0392919687071
18.5 -0.0398679026463
19.0 -0.040379725086
19.5 -0.0408367680271
20.0 -0.0412079456927
20.5 -0.0415194304855
21.0 -0.0417468418928
21.5 -0.0418978273619
22.0 -0.0420006713738
22.5 -0.0420316960712
23.0 -0.04201668227
23.5 -0.0419072333376
24.0 -0.0417403248715
24.5 -0.0415359458574
25.0 -0.0412428879814
25.5 -0.0408997149366
26.0 -0.0405029874041
26.5 -0.0400572464029
27.0 -0.03957748508
27.5 -0.0390195432602
28.0 -0.038436240482
28.5 -0.0378343417116
29.0 -0.0371907145496
29.5 -0.0365230054306
30.0 -0.0358122234199
30.5 -0.0350788117557
31.0 -0.0343534795616
31.5 -0.0335827530529
32.0 -0.0327873505698
32.5 -0.0319930331484
33.0 -0.0311949900689
33.5 -0.0303981705212
34.0 -0.0295698000075
34.5 -0.0287700545488
35.0 -0.0279658666596
35.5 -0.0271417422253
36.0 -0.0263280929664
36.5 -0.0255225457942
37.0 -0.02472921056
37.5 -0.0239434921839
38.0 -0.0231581718906
38.5 -0.0224057323591
39.0 -0.0216360415342
39.5 -0.0208939159267
40.0 -0.0201652403452
40.5 -0.0194680704372
41.0 -0.018769018699
41.5 -0.0180959013607
42.0 -0.0174363415973
42.5 -0.0167821322593
43.0 -0.0161414165422
43.5 -0.0155229572431
44.0 -0.0149278955676
44.5 -0.0143575587154
45.0 -0.0137688656741
45.5 -0.0132252109248
46.0 -0.0126898353284
46.5 -0.0121746794317
47.0 -0.0116743960909
47.5 -0.011176665004
48.0 -0.0107149308809
48.5 -0.010262596041
49.0 -0.00983178403203
49.5 -0.00940235327407
50.0 -0.00897413098932
50.5 -0.0085928960001
51.0 -0.00820458253639
51.5 -0.00782342728451
52.0 -0.00748762952751
52.5 -0.00714891288216
53.0 -0.00682123133091
53.5 -0.00649058359644
54.0 -0.00618480611382
54.5 -0.00589211016059
55.0 -0.00555924596313
55.5 -0.00529474551244
56.0 -0.00503996901321
56.5 -0.00476977034834
57.0 -0.0045404230791
57.5 -0.00431281248557
58.0 -0.00408266256767
58.5 -0.00384946498821
59.0 -0.00363690904141
59.5 -0.00345332139628
60.0 -0.00325306586885
60.5 -0.00305627602105
61.0 -0.00289350519472
61.5 -0.00269781876639
62.0 -0.00253131546783
62.5 -0.0023953476894
63.0 -0.00224367987427
63.5 -0.00209889119007
64.0 -0.00196753902425
64.5 -0.00185798438904
65.0 -0.00174279254944
65.5 -0.00160797092457
66.0 -0.0014572676075
66.5 -0.00134560207147
67.0 -0.00126825130535
67.5 -0.00116316370617
68.0 -0.00107980054343
68.5 -0.00102037614607
69.0 -0.000926678323466
69.5 -0.000867275715128
70.0 -0.000718893088038
70.5 -0.000719732914723
71.0 -0.000630225468219
71.5 -0.000541946222816
72.0 -0.000500308182287
72.5 -0.000434829883773
73.0 -0.000395921548797
73.5 -0.000345098133307
74.0 -0.000313171858542
74.5 -0.000287450304555
75.0 -0.000244641936328
75.5 -0.000194927653911
76.0 -0.000150802922914
76.5 -0.000123120874555
77.0 -6.68001459019e-05
77.5 -3.18966371715e-05
78.0 -1.21434050353e-05
78.5 4.41407551364e-05
79.0 2.77530802339e-05
79.5 5.77667762496e-05
80.0 -3.48393923826e-05
80.5 7.56837833986e-05
81.0 8.02668626942e-05
81.5 9.48632950681e-05
82.0 0.000143651907702
82.5 0.000145752510143
83.0 0.000116724700788
83.5 0.00010437803455
84.0 0.000101918466317
84.5 3.74788035664e-05
85.0 6.55726579524e-06
85.5 0.000105857084854
86.0 9.01617920235e-05
86.5 4.08009405923e-05
87.0 3.98310492145e-05
87.5 5.9046461395e-05
88.0 1.55664017853e-05
88.5 -2.85314484927e-06
89.0 1.89983080929e-05
89.5 -3.40326471431e-05
90.0 -6.49751522523e-05
90.5 -5.17036407999e-06
91.0 -1.28872316907e-05
91.5 -9.92909717965e-05
92.0 -0.000177760379483
92.5 -0.000120239638338
93.0 -8.64073997029e-05
93.5 -0.000194298591818
94.0 -0.000270356514108
94.5 -0.000342879866327
95.0 -0.000212131853807
95.5 -0.000365715407238
96.0 -0.000389182868719
96.5 -0.000437855390778
97.0 -0.000605053917784
97.5 -0.000646460211712
98.0 -0.0006436400874
98.5 -0.000682926530157
99.0 -0.000595556829527
99.5 -0.000817752479986
100.0 -0.000765816996527
100.5 -0.000860767648845
101.0 -0.00107396005293
101.5 -0.00100563401357
102.0 -0.00102057027949
102.5 -0.00110238985717
103.0 -0.00122570341437
103.5 -0.00145002513352
104.0 -0.00144122815804
104.5 -0.00144975380906
105.0 -0.00176574828844
105.5 -0.0017169286762
106.0 -0.00191698669391
106.5 -0.00189431669059
107.0 -0.0019859642039
107.5 -0.00216149529188
108.0 -0.00242621353107
108.5 -0.00267667437385
109.0 -0.00258437705148
109.5 -0.00217321429657
110.0 -0.00286542870013
110.5 -0.00298330269434
111.0 -0.00303895495957
111.5 -0.0033172856324
112.0 -0.00349305653255
112.5 -0.00372719374418
113.0 -0.00393700539651
113.5 -0.00428929135822
114.0 -0.00414541002093
114.5 -0.00380120457731
115.0 -0.00412413396543
115.5 -0.00409231994549
116.0 -0.00440138612295
116.5 -0.00362473562159
117.0 -0.00388357634485
117.5 -0.00538962931944
118.0 -0.00425835510866
118.5 -0.00264845299623
119.0 -4.66794605956e-05
119.5 0.00725350150186
120.0 0.00711520818241
120.5 0.00396581468627
121.0 2.42273186899e-05
121.5 -0.00310664110263
122.0 -0.00520290954157
122.5 -0.00488582949095
123.0 -0.00540779013298
123.5 -0.00570500953935
124.0 -0.00505494832828
124.5 -0.00489483926783
125.0 -0.00483011775185
125.5 -0.00585811182216
126.0 -0.00543792783793
126.5 -0.00505496992494
127.0 -0.00549229149847
127.5 -0.00544667891857
128.0 -0.00507581311143
128.5 -0.00479902453048
129.0 -0.00431267300347
129.5 -0.00408037475997
130.0 -0.00374745751964
130.5 -0.00351400846973
131.0 -0.00327058407454
131.5 -0.00346825672894
132.0 -0.00339388896479
132.5 -0.00308645952736
133.0 -0.00271709011706
133.5 -0.00250476466794
134.0 -0.00233740146809
134.5 -0.00259254612572
135.0 -0.00239665622527
135.5 -0.00217601975645
136.0 -0.0020509140192
136.5 -0.00190963335899
137.0 -0.00170336618524
137.5 -0.00167693152705
138.0 -0.00140677834056
138.5 -0.00137532175397
139.0 -0.00151822617175
139.5 -0.00138601767357
140.0 -0.00129124872709
140.5 -0.00121650893102
141.0 -0.00100267469413
141.5 -0.000935442043524
142.0 -0.000666282518523
142.5 -0.000780637031399
143.0 -0.000820160681402
143.5 -0.000703228112673
144.0 -0.000594893192552
144.5 -0.000434743954829
145.0 -0.00034340200478
145.5 -0.000140947598366
146.0 -0.000343963247319
146.5 -0.00037063011224
147.0 -0.000309072764699
147.5 -0.000195565692321
148.0 -5.51970737068e-05
148.5 8.02679872094e-05
149.0 0.000141062867401
149.5 0.00024543026474
150.0 0.00038206690444
150.5 0.00018217477471
151.0 0.000271044864703
151.5 0.000443540419068
152.0 0.000643869338275
152.5 0.000627929041707
153.0 0.000615081464671
153.5 0.000657735688611
154.0 0.00065541898112
154.5 0.000684600653296
155.0 0.000836509813372
155.5 0.00109154618417
156.0 0.00105251008789
156.5 0.00104579541111
157.0 0.00106738562739
157.5 0.00101473823814
158.0 0.00105362753042
158.5 0.00126853166856
159.0 0.00136725167102
159.5 0.00143167083081
160.0 0.00157593080656
160.5 0.00166100764492
161.0 0.00183047429793
161.5 0.00197099823379
162.0 0.00200818135057
162.5 0.00205011609464
163.0 0.00211827578048
163.5 0.00217728339146
164.0 0.00222875737473
164.5 0.00229793166272
165.0 0.00243688702172
165.5 0.00251117912679
166.0 0.00247611035298
166.5 0.00266459362577
167.0 0.00273053063418
167.5 0.00294877428301
168.0 0.00320671156999
168.5 0.00343656634291
169.0 0.00348275298131
169.5 0.00360095357369
170.0 0.00382265558103
170.5 0.0040097684137
171.0 0.00361784550135
171.5 0.00412374800237
172.0 0.00439472889549
172.5 0.00483192111103
173.0 0.00518685529299
173.5 0.0054085438524
174.0 0.00566969331248
174.5 0.00579208553995
175.0 0.00587153258294
175.5 0.00542536854132
176.0 0.00566119352104
176.5 0.00616718652441
177.0 0.00650523950978
177.5 0.00716639633846
178.0 0.00539028900717
178.5 0.00282154455473
179.0 -0.00137196650402
179.5 -0.00390984911463
180.0 -0.00335540592053
180.5 -0.00428897268583
181.0 -0.00214456225849
181.5 0.000379020025434
182.0 0.000284342557464
182.5 0.00158230330288
183.0 0.000941790792552
183.5 0.000648864041068
184.0 0.000345648323901
184.5 0.000385392545994
185.0 0.000543566574763
185.5 0.000387000324992
186.0 0.000383153696816
186.5 0.000887379463933
187.0 0.00060664690578
187.5 0.000352451599397
188.0 9.08509862256e-05
188.5 -0.000126768167462
189.0 -0.000373105499719
189.5 -0.000465374301612
190.0 -0.000736922533534
190.5 -0.00127544038639
191.0 -0.00161964169963
191.5 -0.00200254103723
192.0 -0.00234855403532
192.5 -0.00264426901326
193.0 -0.00336930089206
193.5 -0.00396730853325
194.0 -0.00475701775518
194.5 -0.00559931772051
195.0 -0.00661484376674
195.5 -0.00827618478051
196.0 -0.00968641896885
196.5 -0.0114508679862
197.0 -0.0137392802414
197.5 -0.0160976177202
198.0 -0.0216878735147
198.5 -0.0294141847636
199.0 -0.0447443469392
199.5 -0.069177348288
