0.0 -0.00168751332303
0.5 0.0225629439572
1.0 0.0238491375044
1.5 0.0163678290231
2.0 0.0115856574702
2.5 0.00735276200995
3.0 0.00429649684637
3.5 0.00197499321888
4.0 -0.00030698060538
4.5 -0.00242307101872
5.0 -0.00451645285697
5.5 -0.00636970054541
6.0 -0.00814840698481
6.5 -0.0098212539357
7.0 -0.0113688729533
7.5 -0.0129297279094
8.0 -0.0143543120514
8.5 -0.0157357516895
9.0 -0.0171584979213
9.5 -0.0184128102311
10.0 -0.0196633579947
10.5 -0.020903216746
11.0 -0.0220484444676
11.5 -0.0231444667092
12.0 -0.0241988948155
12.5 -0.0252443921886
13.0 -0.0262572024584
13.5 -0.0271803275534
14.0 -0.0280577611405
14.5 -0.0288813680172
15.0 -0.0296530480284
15.5 -0.0304021063415
16.0 -0.0311214200404
16.5 -0.0317712286363
17.0 -0.0323766458924
17.5 -0.0329505802693
18.0 -0.0334484942631
18.5 -0.0339221364345
19.0 -0.0343239448796
19.5 -0.0346865542476
20.0 -0.0349936918377
20.5 -0.0352505734068
21.0 -0.0354341599713
21.5 -0.0355853565968
22.0 -0.035690896457
22.5 -0.0357451588995
23.0 -0.0357766459601
23.5 -0.0357460451316
24.0 -0.0356867292258
24.5 -0.0355755226456
25.0 -0.0353963671552
25.5 -0.0351771990858
26.0 -0.0349295899615
26.5 -0.0346427768765
27.0 -0.0343281708461
27.5 -0.033949555983
28.0 -0.033559861076
28.5 -0.0331610936969
29.0 -0.0327261951426
29.5 -0.0322680172812
30.0 -0.0317520829567
30.5 -0.0312408589433
31.0 -0.0307004876197
31.5 -0.0301249532876
32.0 -0.029539611686
32.5 -0.0289433966139
33.0 -0.0283467041561
33.5 -0.0277299438144
34.0 -0.0271210798245
34.5 -0.0264856707477
35.0 -0.0258478692486
35.5 -0.0252154273577
36.0 -0.0245625292532
36.5 -0.0239139382262
37.0 -0.0232752823204
37.5 -0.0226440816115
38.0 -0.0220160523045
38.5 -0.0213675451341
39.0 -0.0207390206856
39.5 -0.0201428612796
40.0 -0.019520395029
40.5 -0.0189347229467
41.0 -0.0183354731911
41.5 -0.0177482801525
42.0 -0.0171668188416
42.5 -0.0165993515112
43.0 -0.0160486553884
43.5 -0.0155025613399
44.0 -0.014977398354
44.5 -0.0144633215653
45.0 -0.0139520722818
45.5 -0.0134715636117
46.0 -0.0129918784727
46.5 -0.0125194815139
47.0 -0.0120552345648
47.5 -0.0115999141741
48.0 -0.0111814967345
48.5 -0.0107595873904
49.0 -0.010350224607
49.5 -0.00995335230038
50.0 -0.00955465755255
50.5 -0.00919260013132
51.0 -0.0088201979862
51.5 -0.00845521972544
52.0 -0.00813126413711
52.5 -0.00780786960803
53.0 -0.00751137060498
53.5 -0.00719142362086
54.0 -0.00688247399322
54.5 -0.00662758364668
55.0 -0.00633083810457
55.5 -0.00603811811333
56.0 -0.0057959442845
56.5 -0.00553073604829
57.0 -0.00529792904518
57.5 -0.00507073940577
58.0 -0.00485260824402
58.5 -0.00464739851384
59.0 -0.00443453356634
59.5 -0.00421924329491
60.0 -0.00405122511038
60.5 -0.00387013187318
61.0 -0.00367003470108
61.5 -0.00348627511089
62.0 -0.0033263614481
62.5 -0.00317624950404
63.0 -0.00302207651407
63.5 -0.00285619610437
64.0 -0.00272959959317
64.5 -0.0026302317741
65.0 -0.00248113130903
65.5 -0.00234405927248
66.0 -0.00222372600359
66.5 -0.0020765519003
67.0 -0.00197161567241
67.5 -0.00187769680306
68.0 -0.00179676792536
68.5 -0.0017154646381
69.0 -0.00165423472863
69.5 -0.00156604783325
70.0 -0.00148029992541
70.5 -0.00139339702957
71.0 -0.00132204116182
71.5 -0.00123527515594
72.0 -0.00114937555062
72.5 -0.00109665570176
73.0 -0.00106127479258
73.5 -0.000989741869938
74.0 -0.000965067591899
74.5 -0.000909227898351
75.0 -0.000912287976474
75.5 -0.000770144615295
76.0 -0.000772077514691
76.5 -0.000735579458407
77.0 -0.000681016974209
77.5 -0.000622363412221
78.0 -0.000638554443196
78.5 -0.000622907414606
79.0 -0.000620876513244
79.5 -0.000625703474064
80.0 -0.000519274960332
80.5 -0.000487437118602
81.0 -0.000498122250166
81.5 -0.000511416750342
82.0 -0.000501554327684
82.5 -0.000447944889423
83.0 -0.000442310776428
83.5 -0.000429975413489
84.0 -0.000417551301091
84.5 -0.00041979695397
85.0 -0.000557148406873
85.5 -0.000482691473309
86.0 -0.000385612186946
86.5 -0.000492676503267
87.0 -0.000543860625672
87.5 -0.000491249391498
88.0 -0.000494362699836
88.5 -0.000492579505991
89.0 -0.000549100451149
89.5 -0.000566720209786
90.0 -0.000592724292826
90.5 -0.00064387829805
91.0 -0.000632065443696
91.5 -0.000577705926389
92.0 -0.000642824661458
92.5 -0.000665403250434
93.0 -0.000638372064156
93.5 -0.000665912737816
94.0 -0.000754004559376
94.5 -0.000811987353277
95.0 -0.000989366148119
95.5 -0.000967607937234
96.0 -0.000998811677832
96.5 -0.000906650953659
97.0 -0.00105311565896
97.5 -0.00114884600586
98.0 -0.00107275112045
98.5 -0.00106901447013
99.0 -0.00119859189444
99.5 -0.00117357184211
100.0 -0.00115578953088
100.5 -0.00128164859196
101.0 -0.00138886349469
101.5 -0.0014894245257
102.0 -0.00157070963439
102.5 -0.00168171044545
103.0 -0.00176409458372
103.5 -0.00191111887533
104.0 -0.00202904382468
104.5 -0.00209475495608
105.0 -0.00219062496419
105.5 -0.002093433121
106.0 -0.00199510582794
106.5 -0.00232555059057
107.0 -0.00263320512411
107.5 -0.00276330092463
108.0 -0.00285658470931
108.5 -0.00300095330241
109.0 -0.00316362625114
109.5 -0.00332396249039
110.0 -0.0034391581214
110.5 -0.00364640085481
111.0 -0.00342428249355
111.5 -0.00391543963163
112.0 -0.00410533837078
112.5 -0.00434710106983
113.0 -0.00454973367194
113.5 -0.00479752160045
114.0 -0.004685402921
114.5 -0.00481776210944
115.0 -0.0048157761954
115.5 -0.00455043171777
116.0 -0.00469820137785
116.5 -0.0045355450865
117.0 -0.00442396859938
117.5 -0.00537853339934
118.0 -0.00294633494011
118.5 -0.00168290415318
119.0 -0.00127289268529
119.5 0.00386577648698
120.0 0.0035114472546
120.5 0.00290066515873
121.0 0.00288887511188
121.5 -0.00159954873273
122.0 -0.00484351959668
122.5 -0.00674502339574
123.0 -0.00574438489197
123.5 -0.00446989709033
124.0 -0.00409789037926
124.5 -0.003873127166
125.0 -0.0051310952623
125.5 -0.0044013820867
126.0 -0.00416793383025
126.5 -0.00403826464995
127.0 -0.00449999456693
127.5 -0.00442796988277
128.0 -0.00406256802839
128.5 -0.00387222990983
129.0 -0.00349670823413
129.5 -0.00326960857208
130.0 -0.00302077225248
130.5 -0.00285528985788
131.0 -0.00264060551072
131.5 -0.0028822880082
132.0 -0.00278873157212
132.5 -0.00252494127481
133.0 -0.0023015430593
133.5 -0.00219091037258
134.0 -0.00202853147901
134.5 -0.00178865217611
135.0 -0.00158538334754
135.5 -0.00186407449808
136.0 -0.00169401613224
136.5 -0.00158561186361
137.0 -0.00126882555313
137.5 -0.00144065250162
138.0 -0.00146118839469
138.5 -0.00127269153715
139.0 -0.00109782429286
139.5 -0.000929654521368
140.0 -0.000745970376521
140.5 -0.00100976635489
141.0 -0.000814074145186
141.5 -0.000806348646591
142.0 -0.00068426353846
142.5 -0.000661254771369
143.0 -0.000585887435395
143.5 -0.000565183733938
144.0 -0.000570695795615
144.5 -0.00044520597031
145.0 -0.000358912448594
145.5 -0.000281348084801
146.0 -0.000185185183571
146.5 -2.9542397507e-05
147.0 -0.000109796488833
147.5 -0.000120626041866
148.0 -7.70437238794e-05
148.5 -2.3225639294e-06
149.0 6.63444321057e-05
149.5 6.13081796826e-05
150.0 0.000146305741736
150.5 0.000300392989856
151.0 0.000494324729391
151.5 0.000412530339587
152.0 0.000387046647917
152.5 0.000344028003207
153.0 0.000382357252727
153.5 0.000498183856303
154.0 0.000635353959318
154.5 0.000787647586101
155.0 0.000942523251371
155.5 0.000818230645168
156.0 0.000772183329769
156.5 0.000877949752386
157.0 0.00111307771397
157.5 0.00110503745085
158.0 0.00095431199377
158.5 0.00102935476535
159.0 0.00118787099325
159.5 0.00126301170603
160.0 0.00138595640978
160.5 0.00144122187848
161.0 0.00156203542089
161.5 0.00174092881498
162.0 0.00182599709159
162.5 0.00186778985282
163.0 0.00189850392105
163.5 0.00194857250828
164.0 0.00196204361656
164.5 0.00192482276013
165.0 0.00185382240488
165.5 0.0021401811903
166.0 0.0023233486651
166.5 0.00256681962991
167.0 0.00233897715771
167.5 0.00256033295002
168.0 0.00301423468773
168.5 0.00325595235673
169.0 0.00328169830701
169.5 0.00333292871711
170.0 0.00340264887068
170.5 0.00351506845335
171.0 0.00317285417371
171.5 0.0036329619478
172.0 0.00392041309078
172.5 0.00424336302066
173.0 0.00449075953507
173.5 0.00433605914468
174.0 0.00413158544974
174.5 0.00450112365017
175.0 0.00468879513451
175.5 0.00443968024723
176.0 0.00465667112425
176.5 0.00544734646049
177.0 0.00519122898939
177.5 0.0051351463509
178.0 0.00534262383631
178.5 0.00472982660469
179.0 0.00241653882432
179.5 -0.000540394915831
180.0 -0.00238285393198
180.5 -0.00707376655393
181.0 -0.0069239358093
181.5 -0.0040297663116
182.0 -0.00234317563765
182.5 -0.00088867733291
183.0 -0.000782563888365
183.5 0.000362080678215
184.0 0.00101438853983
184.5 0.000738111303406
185.0 0.000718869927297
185.5 0.000587240567896
186.0 0.000666669124413
186.5 0.000377097798875
187.0 0.000601378810032
187.5 0.000466337195718
188.0 0.000150107563329
188.5 -0.000180527053175
189.0 -0.000494654201731
189.5 -0.000797153912856
190.0 -0.00108138828884
190.5 -0.00155542210129
191.0 -0.00180658816431
191.5 -0.00222060762576
192.0 -0.00258484437965
192.5 -0.00289181158901
193.0 -0.00357912738092
193.5 -0.00404352779883
194.0 -0.00480709131108
194.5 -0.00567027483829
195.0 -0.00696726550329
195.5 -0.00862337970116
196.0 -0.0099634769164
196.5 -0.0111546503108
197.0 -0.0142341807642
197.5 -0.0168121892775
198.0 -0.0220114390558
198.5 -0.029402640534
199.0 -0.0446302336666
199.5 -0.0689172535166
