0.0 -0.0046858436254
0.5 0.00532310020851
1.0 0.000816741024357
1.5 -0.00365036557422
2.0 -0.00731165901145
2.5 -0.0105455309993
3.0 -0.0122474900318
3.5 -0.0140727177934
4.0 -0.0158229462869
4.5 -0.0174674146916
5.0 -0.0191067560759
5.5 -0.0204402292651
6.0 -0.0217869313086
6.5 -0.0230476408073
7.0 -0.0241671473087
7.5 -0.0252724687963
8.0 -0.0262854497037
8.5 -0.0273433544565
9.0 -0.0281664293456
9.5 -0.0289859538686
10.0 -0.0297669125858
10.5 -0.0304495268171
11.0 -0.0310966020059
11.5 -0.0316742225368
12.0 -0.0322049480945
12.5 -0.0326455429614
13.0 -0.0330260513418
13.5 -0.0333477035432
14.0 -0.0336354306817
14.5 -0.0338398198149
15.0 -0.0339505057663
15.5 -0.0340242353857
16.0 -0.034087715009
16.5 -0.0340701011519
17.0 -0.0339719990957
17.5 -0.0338318444781
18.0 -0.0336579851711
18.5 -0.0334703354456
19.0 -0.0331906324347
19.5 -0.0329003059907
20.0 -0.0325346938731
20.5 -0.0321420284868
21.0 -0.0317108051122
21.5 -0.031224684812
22.0 -0.0307550362349
22.5 -0.0302643547651
23.0 -0.0297378358704
23.5 -0.0291857558177
24.0 -0.028614768237
24.5 -0.0280907387859
25.0 -0.0274753428346
25.5 -0.026858673745
26.0 -0.0262490084157
26.5 -0.0256185459541
27.0 -0.0249814015483
27.5 -0.0243480641371
28.0 -0.0236881044678
28.5 -0.0230562203017
29.0 -0.0224521252506
29.5 -0.0218353906598
30.0 -0.0212006638893
30.5 -0.0205732849199
31.0 -0.0199557874343
31.5 -0.0193381319747
32.0 -0.018737486111
32.5 -0.0181419466901
33.0 -0.0175601711968
33.5 -0.0169764333062
34.0 -0.0164197650402
34.5 -0.0158567162009
35.0 -0.0153095369248
35.5 -0.0147877476984
36.0 -0.0142650006239
36.5 -0.0137483742603
37.0 -0.0132477498738
37.5 -0.0127582520415
38.0 -0.0122774975261
38.5 -0.0118079129241
39.0 -0.0113513096384
39.5 -0.0109203501781
40.0 -0.0104923680411
40.5 -0.010077276136
41.0 -0.00966769235117
41.5 -0.00927648118288
42.0 -0.00889413951889
42.5 -0.00851666720935
43.0 -0.00814906652735
43.5 -0.00779995022847
44.0 -0.00746389699848
44.5 -0.00711778637661
45.0 -0.00678765380385
45.5 -0.00649106398621
46.0 -0.00619977242624
46.5 -0.0059084557124
47.0 -0.00564177504573
47.5 -0.00536573571213
48.0 -0.00510872464393
48.5 -0.00485203568435
49.0 -0.00460954065371
49.5 -0.00437004592622
50.0 -0.00414144852377
50.5 -0.00394580511822
51.0 -0.00370508099588
51.5 -0.00350042655288
52.0 -0.00332497440377
52.5 -0.00313546671505
53.0 -0.00296875452384
53.5 -0.00279563161861
54.0 -0.00263340168037
54.5 -0.00249026606309
55.0 -0.00230132771051
55.5 -0.00213690822758
56.0 -0.00199872479308
56.5 -0.00184462684451
57.0 -0.00172027248354
57.5 -0.00159203467706
58.0 -0.00147614805494
58.5 -0.00136394660171
59.0 -0.00125154072168
59.5 -0.00116907418445
60.0 -0.00103710272686
60.5 -0.000943869693465
61.0 -0.000879439271916
61.5 -0.000746369438042
62.0 -0.000658029505034
62.5 -0.000603196499577
63.0 -0.000520994388367
63.5 -0.000446492264331
64.0 -0.000383955625271
64.5 -0.000328951150131
65.0 -0.000257204989024
65.5 -0.000205150655272
66.0 -0.000122574336817
66.5 -5.94029173548e-05
67.0 -2.66890142537e-05
67.5 3.48823612839e-05
68.0 8.09116110521e-05
68.5 0.000111152087646
69.0 0.000124752259175
69.5 0.000154237923116
70.0 0.000193761795213
70.5 0.000225732593801
71.0 0.000252715283663
71.5 0.000283747010798
72.0 0.000330195748329
72.5 0.000348122974142
73.0 0.000345964253617
73.5 0.000357824175364
74.0 0.000361289745857
74.5 0.000366311281601
75.0 0.000374834786477
75.5 0.000340179123915
76.0 0.000444409438268
76.5 0.000440762687738
77.0 0.000481742447269
77.5 0.000485068273242
78.0 0.000426485354378
78.5 0.000483635287774
79.0 0.000463162987105
79.5 0.000403690001297
80.0 0.000399806185799
80.5 0.000417386841255
81.0 0.000395403908568
81.5 0.000391533819549
82.0 0.00038143565407
82.5 0.00034609364857
83.0 0.000368030262077
83.5 0.000400726808248
84.0 0.000330143216203
84.5 0.000270362013968
85.0 0.000377291560532
85.5 0.000320427347745
86.0 0.000232966191803
86.5 0.000228182042964
87.0 0.000213046181738
87.5 0.000208040520906
88.0 0.000204675406053
88.5 0.00020225983323
89.0 0.000165861595285
89.5 0.000146037417817
90.0 0.000115813986685
90.5 -1.70669880362e-06
91.0 -0.000135933827607
91.5 -7.70743276952e-05
92.0 -0.000107745301737
92.5 -0.000134256535937
93.0 -0.000123928591215
93.5 -0.000136844341917
94.0 -0.00012722354715
94.5 -0.000227414724588
95.0 -0.000401880906026
95.5 -0.000479570428169
96.0 -0.000420228223515
96.5 -0.000405178038168
97.0 -0.000533592437641
97.5 -0.000547298196025
98.0 -0.000622681261174
98.5 -0.000865049420536
99.0 -0.000844029642526
99.5 -0.000779511745947
100.0 -0.000792883650277
100.5 -0.000766577394344
101.0 -0.000969581330402
101.5 -0.0010498863853
102.0 -0.00110908991177
102.5 -0.00127853486513
103.0 -0.00145785259201
103.5 -0.00160192725549
104.0 -0.0015439180004
104.5 -0.00158490041681
105.0 -0.00170412810512
105.5 -0.00180648090838
106.0 -0.00186663058941
106.5 -0.00216607084454
107.0 -0.00219750634313
107.5 -0.00224917134624
108.0 -0.00234128432363
108.5 -0.00240717711359
109.0 -0.00252987056816
109.5 -0.00271629558262
110.0 -0.00299231856486
110.5 -0.00320487676849
111.0 -0.00285487562527
111.5 -0.0035328301493
112.0 -0.00345960812368
112.5 -0.00353706889786
113.0 -0.00380795602598
113.5 -0.0041660301264
114.0 -0.00420470556084
114.5 -0.0045440077952
115.0 -0.00465421682573
115.5 -0.00352232372235
116.0 -0.00447386392342
116.5 -0.00370975116309
117.0 -0.00392119464254
117.5 -0.0041738428578
118.0 -0.00439048481428
118.5 -0.00308232084912
119.0 -0.000328597668599
119.5 0.00745729680563
120.0 0.00973533000338
120.5 0.0071327436246
121.0 0.0020086876093
121.5 -0.00399318955218
122.0 -0.00668202588766
122.5 -0.00859247786245
123.0 -0.00802022196874
123.5 -0.00713539160533
124.0 -0.00673470239566
124.5 -0.00598758399464
125.0 -0.00534152566571
125.5 -0.00607963068518
126.0 -0.00557424967863
126.5 -0.00540574033496
127.0 -0.00516012827845
127.5 -0.00474011530009
128.0 -0.0044236572284
128.5 -0.00427559340989
129.0 -0.00390373311174
129.5 -0.00366495838296
130.0 -0.00338843460452
130.5 -0.0032189895938
131.0 -0.00296548877211
131.5 -0.00313118378651
132.0 -0.00305050080284
132.5 -0.00277880224378
133.0 -0.00252692736244
133.5 -0.0023965161514
134.0 -0.00228463909033
134.5 -0.00219597268638
135.0 -0.00208781291366
135.5 -0.00190488045133
136.0 -0.00183932129571
136.5 -0.00177639987468
137.0 -0.0016380445782
137.5 -0.00166592893384
138.0 -0.00146776787
138.5 -0.00133067566854
139.0 -0.00114226634284
139.5 -0.000991196237749
140.0 -0.00120155570403
140.5 -0.00105421022712
141.0 -0.00090551173594
141.5 -0.000932152381832
142.0 -0.000810239241709
142.5 -0.00070625139387
143.0 -0.000515260145038
143.5 -0.000349228972524
144.0 -0.000277382915137
144.5 -0.000363997137864
145.0 -0.000295831498581
145.5 -0.000230730267528
146.0 -0.000199223393638
146.5 -0.000202885145593
147.0 -0.000121205893116
147.5 8.94911864711e-05
148.0 0.000178769699697
148.5 0.000182930379306
149.0 0.000229137419436
149.5 0.000278015141728
150.0 0.00033938532881
150.5 0.000393924878434
151.0 0.000452427052433
151.5 0.00052341792642
152.0 0.0005747097562
152.5 0.000597144785896
153.0 0.000658829453236
153.5 0.0007040367394
154.0 0.000700453564168
154.5 0.000720489095938
155.0 0.000839650280305
155.5 0.000976056519994
156.0 0.00117330622366
156.5 0.00135989001174
157.0 0.0013768288683
157.5 0.0013611193484
158.0 0.00134933736402
158.5 0.0014240107065
159.0 0.00143611464516
159.5 0.00140941825429
160.0 0.0014107341094
160.5 0.00164434298704
161.0 0.00183281687366
161.5 0.00172608523846
162.0 0.0018751552505
162.5 0.00212402118594
163.0 0.00212117531694
163.5 0.00215085394485
164.0 0.00237290644004
164.5 0.00247933841035
165.0 0.0025969436148
165.5 0.00230344065616
166.0 0.00247995000586
166.5 0.00279693131603
167.0 0.00292887533201
167.5 0.00333533792815
168.0 0.00364636244306
168.5 0.00356786884363
169.0 0.00337791070272
169.5 0.00368499717203
170.0 0.00389332982164
170.5 0.00401103012935
171.0 0.0042796880888
171.5 0.00458412004416
172.0 0.0047797629919
172.5 0.005043226637
173.0 0.00531288785639
173.5 0.00556384909392
174.0 0.00556381769127
174.5 0.00502740879963
175.0 0.00546596490388
175.5 0.00530487151495
176.0 0.00545168765076
176.5 0.00553157616005
177.0 0.0055479861426
177.5 0.00647182600542
178.0 0.00536878449229
178.5 0.00471154812766
179.0 9.13886036074e-05
179.5 -0.00321190601197
180.0 -0.0044024606868
180.5 -0.00613271093933
181.0 -0.00341534573053
181.5 5.83887401717e-06
182.0 0.00085854001567
182.5 0.00149465589259
183.0 0.000471460165116
183.5 0.00067568399821
184.0 0.000446996180415
184.5 0.00046075110987
185.0 0.000538083126315
185.5 0.000330690791515
186.0 0.000291394820579
186.5 0.000805473365418
187.0 0.000626802388027
187.5 0.000290620523245
188.0 -7.41753069065e-05
188.5 -0.00012952580613
189.0 -0.00021751543774
189.5 -0.000593382336362
190.0 -0.000950921371086
190.5 -0.00144949279215
191.0 -0.00173070934555
191.5 -0.00212707003462
192.0 -0.0024994391764
192.5 -0.00281802075298
193.0 -0.00352319040694
193.5 -0.00400677974734
194.0 -0.00487299295764
194.5 -0.00580463971966
195.0 -0.00677246204431
195.5 -0.00843256412055
196.0 -0.00987602591678
196.5 -0.0116963443582
197.0 -0.0141026545714
197.5 -0.0166405593981
198.0 -0.0220279592998
198.5 -0.0292521614671
199.0 -0.0447779173833
199.5 -0.0700376465182
