0.0 -0.00324863098434
0.5 0.0201561118752
1.0 0.0190974315045
1.5 0.0122641378571
2.0 0.00799425002591
2.5 0.00418923666074
3.0 0.00152423031395
3.5 -0.000380999631968
4.0 -0.00231904138642
4.5 -0.00443429954026
5.0 -0.00610878287772
5.5 -0.00758194710453
6.0 -0.00906859849892
6.5 -0.0104591604597
7.0 -0.0116742143858
7.5 -0.0129416951016
8.0 -0.0140673801631
8.5 -0.01514776695
9.0 -0.0162071297937
9.5 -0.0173562933725
10.0 -0.01832671436
10.5 -0.0192372400988
11.0 -0.0201436826935
11.5 -0.0210131851686
12.0 -0.0217954960545
12.5 -0.0225807689885
13.0 -0.0233381043082
13.5 -0.0240294806052
14.0 -0.0246976015147
14.5 -0.0253801219028
15.0 -0.0259329052338
15.5 -0.026490162669
16.0 -0.0269912201345
16.5 -0.0274509223166
17.0 -0.0278823104762
17.5 -0.0282932391919
18.0 -0.0286488735292
18.5 -0.0290099123385
19.0 -0.0292773360231
19.5 -0.0295250668133
20.0 -0.0297365575754
20.5 -0.0299074720936
21.0 -0.030045282457
21.5 -0.0301486637738
22.0 -0.0302191554468
22.5 -0.0302219458576
23.0 -0.030238423224
23.5 -0.030194935471
24.0 -0.0301239012554
24.5 -0.0300323870221
25.0 -0.0299194224611
25.5 -0.0297524532832
26.0 -0.0295460754021
26.5 -0.0293111066164
27.0 -0.029069697699
27.5 -0.0287993590635
28.0 -0.0284827163239
28.5 -0.028174638703
29.0 -0.0278477859681
29.5 -0.0274784270089
30.0 -0.0271008937533
30.5 -0.0267074447786
31.0 -0.0263076826574
31.5 -0.0258743556301
32.0 -0.0254228950022
32.5 -0.0249716494056
33.0 -0.0245143239807
33.5 -0.0240264495328
34.0 -0.0235609529908
34.5 -0.0230841887907
35.0 -0.0225940349721
35.5 -0.0220934681533
36.0 -0.0215845029388
36.5 -0.0210768075867
37.0 -0.0205691200477
37.5 -0.0200643100084
38.0 -0.0195666081327
38.5 -0.019078806435
39.0 -0.0185669665485
39.5 -0.0180749936
40.0 -0.0176065481589
40.5 -0.0171158107885
41.0 -0.0166266767236
41.5 -0.0161557748192
42.0 -0.0156796473254
42.5 -0.0152086253676
43.0 -0.014756513617
43.5 -0.0143124508069
44.0 -0.0138755397912
44.5 -0.0134232719246
45.0 -0.0129852115376
45.5 -0.0125789736081
46.0 -0.0121765980553
46.5 -0.0117722834598
47.0 -0.0113919079319
47.5 -0.0110028131626
48.0 -0.0106351850751
48.5 -0.0102748706101
49.0 -0.00993051157457
49.5 -0.00957392673507
50.0 -0.00921745843105
50.5 -0.00889612198774
51.0 -0.00857911252352
51.5 -0.00826406078543
52.0 -0.0079836775098
52.5 -0.0076788526101
53.0 -0.00739715905673
53.5 -0.00713066134531
54.0 -0.0068717377857
54.5 -0.00661759206611
55.0 -0.00635011939929
55.5 -0.00610388549638
56.0 -0.00588327910891
56.5 -0.00563451504379
57.0 -0.00542712727905
57.5 -0.00522485564614
58.0 -0.00501689153283
58.5 -0.00480137256653
59.0 -0.00461111025946
59.5 -0.00442901461484
60.0 -0.00424363173968
60.5 -0.00406487608371
61.0 -0.00392556957329
61.5 -0.00373207575208
62.0 -0.00357630667242
62.5 -0.00344552785101
63.0 -0.00329246413769
63.5 -0.00316751693465
64.0 -0.00305863967629
64.5 -0.00295488681103
65.0 -0.00275656564861
65.5 -0.00264591052811
66.0 -0.0025325655632
66.5 -0.00243295673618
67.0 -0.00231233434608
67.5 -0.00221940565331
68.0 -0.00210364734238
68.5 -0.00204280991945
69.0 -0.00195890427946
69.5 -0.00186639540556
70.0 -0.00178311493934
70.5 -0.00168636838566
71.0 -0.00159837801532
71.5 -0.00152190625838
72.0 -0.00143884601538
72.5 -0.00136475262449
73.0 -0.00131844064636
73.5 -0.00126400530328
74.0 -0.00122611206008
74.5 -0.00119557238972
75.0 -0.00115009214061
75.5 -0.00111277883647
76.0 -0.00105470236198
76.5 -0.000984639300309
77.0 -0.000913461519387
77.5 -0.000880184287753
78.0 -0.000884137273768
78.5 -0.000859199939541
79.0 -0.00087665331111
79.5 -0.000803561374834
80.0 -0.000760414796797
80.5 -0.000750006416006
81.0 -0.0007195063901
81.5 -0.000718088424083
82.0 -0.000676193596171
82.5 -0.000642683981528
83.0 -0.000602433162769
83.5 -0.000592741211449
84.0 -0.000611035891382
84.5 -0.000667264834018
85.0 -0.00053526748102
85.5 -0.000639731977436
86.0 -0.00067367404694
86.5 -0.000664248262144
87.0 -0.000632727292782
87.5 -0.000633312775257
88.0 -0.000725209105095
88.5 -0.000687666953908
89.0 -0.000506327661995
89.5 -0.000602382342191
90.0 -0.000649064801934
90.5 -0.000813570194047
91.0 -0.000735746484445
91.5 -0.000722213255134
92.0 -0.000762633788806
92.5 -0.000687579780696
93.0 -0.000665137146619
93.5 -0.000747552653156
94.0 -0.000724804587662
94.5 -0.000819931863521
95.0 -0.000961746400819
95.5 -0.00085312788746
96.0 -0.000896655136867
96.5 -0.000889215650925
97.0 -0.000996337989996
97.5 -0.00108822877671
98.0 -0.0010720903389
98.5 -0.00104251627682
99.0 -0.00104311369053
99.5 -0.00106931982661
100.0 -0.00124387585232
100.5 -0.00121709265123
101.0 -0.00123304852431
101.5 -0.00139591668432
102.0 -0.00141760335321
102.5 -0.00144704323057
103.0 -0.00149685916745
103.5 -0.00158716298595
104.0 -0.00167548835022
104.5 -0.00187955071258
105.0 -0.00150133449555
105.5 -0.00168762928851
106.0 -0.00189542271256
106.5 -0.00216107702413
107.0 -0.00208901116816
107.5 -0.00220778481651
108.0 -0.00250656832225
108.5 -0.00262950947452
109.0 -0.00270176671267
109.5 -0.00282538424354
110.0 -0.0025715327079
110.5 -0.00284734794929
111.0 -0.00307096261863
111.5 -0.00358815491581
112.0 -0.00373853141102
112.5 -0.00365091115286
113.0 -0.00371837543346
113.5 -0.00423068250879
114.0 -0.00406376138376
114.5 -0.00365441922121
115.0 -0.00384946370914
115.5 -0.00361874874393
116.0 -0.00395058002636
116.5 -0.00397668825173
117.0 -0.00420778406567
117.5 -0.00399430424343
118.0 -0.00340332967927
118.5 -0.00189809271956
119.0 -0.000658053591607
119.5 0.00591833547291
120.0 0.00662629916916
120.5 0.00318536754543
121.0 -0.00184237073864
121.5 -0.00616277375178
122.0 -0.00642503144122
122.5 -0.00879681193798
123.0 -0.00664289059483
123.5 -0.00559881411358
124.0 -0.00526828280249
124.5 -0.00599245497948
125.0 -0.0054915461708
125.5 -0.0051189776639
126.0 -0.00490365170992
126.5 -0.00464524732529
127.0 -0.00519254015842
127.5 -0.00513223305002
128.0 -0.00469304541716
128.5 -0.00459992998917
129.0 -0.00429582323513
129.5 -0.0039569540017
130.0 -0.00374813121898
130.5 -0.00363529630825
131.0 -0.0035887645691
131.5 -0.00327959047276
132.0 -0.0031877297664
132.5 -0.00303298812548
133.0 -0.00280438137297
133.5 -0.00267006354009
134.0 -0.00249736236982
134.5 -0.00235293408559
135.0 -0.0027135344443
135.5 -0.00238962695414
136.0 -0.00229201264764
136.5 -0.00223407681488
137.0 -0.00206385012504
137.5 -0.0020027356066
138.0 -0.00175230915005
138.5 -0.00158627350349
139.0 -0.0015119802053
139.5 -0.00167053311882
140.0 -0.0015135531166
140.5 -0.00144488997492
141.0 -0.00132256520886
141.5 -0.00134909402123
142.0 -0.00124877056534
142.5 -0.00124950079354
143.0 -0.00112551390224
143.5 -0.0010093683281
144.0 -0.000936211688078
144.5 -0.000739306453523
145.0 -0.000611270569559
145.5 -0.000851525839058
146.0 -0.000781194589912
146.5 -0.000671672483944
147.0 -0.000555936810849
147.5 -0.00039731097884
148.0 -0.000374618299772
148.5 -0.000429247410863
149.0 -0.000428780418276
149.5 -0.000345346144428
150.0 -0.000193022208118
150.5 -9.67232733322e-06
151.0 -0.000186729662695
151.5 -0.000136802688283
152.0 -2.04197991804e-05
152.5 7.41845726608e-05
153.0 0.000233812184435
153.5 0.000270177343841
154.0 0.000168082107171
154.5 0.00031100218715
155.0 0.0004697982012
155.5 0.000288775753209
156.0 0.000416285741373
156.5 0.000611056309655
157.0 0.000607947666715
157.5 0.000549053736808
158.0 0.000437161697114
158.5 0.00049373433356
159.0 0.000633860963841
159.5 0.000705909061228
160.0 0.000854751193145
160.5 0.000889551387978
161.0 0.00103153092764
161.5 0.00113366064912
162.0 0.0011124877717
162.5 0.00100602807261
163.0 0.00106372759934
163.5 0.0012436970804
164.0 0.00138225886118
164.5 0.00155069659928
165.0 0.00170923870433
165.5 0.00171068559649
166.0 0.00136633207418
166.5 0.00169640568787
167.0 0.00185238818937
167.5 0.00201974800402
168.0 0.00220702723144
168.5 0.00232307551221
169.0 0.002226621171
169.5 0.00206552653741
170.0 0.00248390448532
170.5 0.00255929301784
171.0 0.00277188893403
171.5 0.00246538829406
172.0 0.00260715529531
172.5 0.003039994999
173.0 0.00327143598138
173.5 0.00331336173903
174.0 0.00331827192187
174.5 0.00328339588584
175.0 0.00333357881036
175.5 0.0028931688328
176.0 0.00326899380778
176.5 0.00396918308938
177.0 0.00362976550205
177.5 0.00479009032929
178.0 0.00165465619153
178.5 0.00159315686453
179.0 -0.00352491363498
179.5 -0.00370896465007
180.0 -0.0021048579362
180.5 -0.00389945318176
181.0 -0.00222931863885
181.5 -0.000762552185265
182.0 0.000543183976248
182.5 0.00325621185692
183.0 0.00267214773427
183.5 0.00252191266638
184.0 0.00233874298974
184.5 0.00283082380234
185.0 0.00252851086596
185.5 0.00207242485787
186.0 0.00198917348274
186.5 0.00183799989101
187.0 0.00161906648219
187.5 0.00134581287277
188.0 0.000960091894328
188.5 0.000953522399868
189.0 0.00073694589581
189.5 0.000383215124259
190.0 6.24563843843e-05
190.5 -0.000354267192392
191.0 -0.000567155812149
191.5 -0.00097674978727
192.0 -0.001335323069
192.5 -0.00159677225587
193.0 -0.00203784608318
193.5 -0.00253355244935
194.0 -0.00333470539314
194.5 -0.00401640584083
195.0 -0.00463498005008
195.5 -0.00614642078664
196.0 -0.00725246117894
196.5 -0.00836357198401
197.0 -0.00983979176519
197.5 -0.0108887257053
198.0 -0.0138392037879
198.5 -0.018959633262
199.0 -0.0294393684733
199.5 -0.0450688240695
