0.0 -0.00833820983961
0.5 0.00192155363407
1.0 -0.0033217683649
1.5 -0.0109238890812
2.0 -0.0166987666372
2.5 -0.0215455190814
3.0 -0.0255427396103
3.5 -0.0294861187298
4.0 -0.0334776805791
4.5 -0.036804274752
5.0 -0.0401666176172
5.5 -0.0431789606835
6.0 -0.046115059943
6.5 -0.048841260898
7.0 -0.0512905524608
7.5 -0.0536020147711
8.0 -0.055693076145
8.5 -0.0576583869317
9.0 -0.0592679711915
9.5 -0.0606758607732
10.0 -0.0618309271912
10.5 -0.0627317419977
11.0 -0.0634286486375
11.5 -0.0638892798369
12.0 -0.0641237274798
12.5 -0.0641367378934
13.0 -0.0639511201603
13.5 -0.063649890073
14.0 -0.0630413410626
14.5 -0.0622436545481
15.0 -0.0614429939511
15.5 -0.0604270053519
16.0 -0.0592796909314
16.5 -0.0580091895044
17.0 -0.0566696260657
17.5 -0.0552776071689
18.0 -0.053843436649
18.5 -0.052323092786
19.0 -0.0507622919284
19.5 -0.0491708153368
20.0 -0.0476552948625
20.5 -0.0460393339133
21.0 -0.0444032246613
21.5 -0.0428463846164
22.0 -0.04130173315
22.5 -0.0396919885692
23.0 -0.0381752581384
23.5 -0.0367054259472
24.0 -0.0352152380643
24.5 -0.0337892492399
25.0 -0.0323499951285
25.5 -0.0309467109986
26.0 -0.0296397566465
26.5 -0.0283372651753
27.0 -0.0270483037344
27.5 -0.0258037912504
28.0 -0.0245957027993
28.5 -0.0234510444779
29.0 -0.0223434323664
29.5 -0.0212709985351
30.0 -0.0202006037668
30.5 -0.0191765032781
31.0 -0.0182029259677
31.5 -0.0172473536043
32.0 -0.0163168618097
32.5 -0.0154401958879
33.0 -0.0146120799629
33.5 -0.0137861305203
34.0 -0.0130210473254
34.5 -0.0122676830251
35.0 -0.011544538551
35.5 -0.0108530827311
36.0 -0.0102025914954
36.5 -0.00956567443732
37.0 -0.00894429070251
37.5 -0.0083610169214
38.0 -0.00780484376711
38.5 -0.00725082232987
39.0 -0.00673564682294
39.5 -0.00626762469185
40.0 -0.00578771601392
40.5 -0.00533456857255
41.0 -0.00490241118191
41.5 -0.00450270716786
42.0 -0.00410673384123
42.5 -0.00372075428305
43.0 -0.00336021353766
43.5 -0.00302019706635
44.0 -0.00270428268368
44.5 -0.00237460492199
45.0 -0.00206963204787
45.5 -0.00179928275903
46.0 -0.00152463661903
46.5 -0.00127465972851
47.0 -0.00103317568793
47.5 -0.000792570900241
48.0 -0.000587832153906
48.5 -0.000382194795991
49.0 -0.00018956057562
49.5 8.73328899154e-06
50.0 0.000207854486886
50.5 0.00036540295881
51.0 0.000545564079724
51.5 0.000691153344361
52.0 0.000834208509461
52.5 0.000985682161021
53.0 0.00110034676531
53.5 0.00121639301113
54.0 0.00132824599966
54.5 0.00142354012399
55.0 0.00152685129834
55.5 0.00163590497663
56.0 0.00173604847181
56.5 0.00179925101763
57.0 0.00187577147242
57.5 0.00196223053666
58.0 0.00200922059284
58.5 0.00206677363512
59.0 0.00213637085398
59.5 0.00216770579246
60.0 0.00224774277832
60.5 0.00228907067408
61.0 0.00231774655298
61.5 0.00238358531991
62.0 0.00241541917127
62.5 0.00244805364942
63.0 0.00248253198968
63.5 0.00249123449189
64.0 0.0025075873081
64.5 0.00249647267443
65.0 0.00251755069506
65.5 0.00256312484619
66.0 0.00255230278748
66.5 0.00258378855112
67.0 0.00259923593489
67.5 0.00259216226314
68.0 0.00258082811372
68.5 0.00256439247192
69.0 0.00256479774918
69.5 0.00252819474664
70.0 0.00255937909037
70.5 0.00253204130337
71.0 0.00255115719351
71.5 0.00252121192179
72.0 0.00251556785991
72.5 0.0025125182019
73.0 0.00250141345423
73.5 0.00244063890811
74.0 0.0023923692583
74.5 0.0024079914267
75.0 0.00238015990192
75.5 0.00231584818929
76.0 0.00230712350959
76.5 0.00228675427877
77.0 0.00231107552198
77.5 0.00231285490465
78.0 0.00221414804216
78.5 0.00220624654224
79.0 0.00217960303983
79.5 0.002104187362
80.0 0.0020704814613
80.5 0.00201631540119
81.0 0.00202631757332
81.5 0.00194346004128
82.0 0.00192707839435
82.5 0.0019107749091
83.0 0.00185275040354
83.5 0.00188171594623
84.0 0.00182105640121
84.5 0.00171666512589
85.0 0.00171609604326
85.5 0.00160189621846
86.0 0.00160541816773
86.5 0.0015359136256
87.0 0.00142816270118
87.5 0.00144359711022
88.0 0.00141648733699
88.5 0.00134268830527
89.0 0.00131116833052
89.5 0.00129726300328
90.0 0.00122736601253
90.5 0.00115031821726
91.0 0.000934066934921
91.5 0.000955607812084
92.0 0.0009469278517
92.5 0.000914688704146
93.0 0.000828397260126
93.5 0.000715086545039
94.0 0.000728155121912
94.5 0.000737336758696
95.0 0.000547563120264
95.5 0.000499583016158
96.0 0.000462597627823
96.5 0.000545068766098
97.0 0.000353273641089
97.5 0.000178301538043
98.0 0.000110071048606
98.5 6.73603207986e-05
99.0 8.37340682267e-05
99.5 -9.92948793872e-05
100.0 -7.06815530549e-06
100.5 -0.000114083683357
101.0 -0.000142624351717
101.5 -0.000338072134227
102.0 -0.000313265023237
102.5 -0.000395979764996
103.0 -0.00060966141357
103.5 -0.000823411423589
104.0 -0.000856234780528
104.5 -0.000969954090344
105.0 -0.0012387576087
105.5 -0.00104280869299
106.0 -0.00123732615771
106.5 -0.00137130436355
107.0 -0.00160593324703
107.5 -0.00194833232607
108.0 -0.00205899041411
108.5 -0.00203690183012
109.0 -0.00229457924869
109.5 -0.00242458021086
110.0 -0.0028662997049
110.5 -0.0028598989194
111.0 -0.00310898301472
111.5 -0.00301513958809
112.0 -0.00328760715847
112.5 -0.00370226950363
113.0 -0.00369734686458
113.5 -0.00397392938893
114.0 -0.00428911767847
114.5 -0.0047691991129
115.0 -0.00497273682743
115.5 -0.00488021074038
116.0 -0.00531760187744
116.5 -0.00568608830216
117.0 -0.00628145774159
117.5 -0.00625823474577
118.0 -0.00569182610384
118.5 -0.00415317100055
119.0 -0.00245884713485
119.5 0.0055698300787
120.0 0.00881910088657
120.5 0.00787138946691
121.0 0.00395975678815
121.5 -0.000438910704872
122.0 -0.00331970384575
122.5 -0.00387325081583
123.0 -0.00415023231146
123.5 -0.00381854726085
124.0 -0.00366684918369
124.5 -0.00360416196027
125.0 -0.00377769400353
125.5 -0.00368811910174
126.0 -0.00375914959002
126.5 -0.00394546606205
127.0 -0.00384759836662
127.5 -0.00364562447949
128.0 -0.00355074870585
128.5 -0.00346485046817
129.0 -0.00315171663244
129.5 -0.00282276246675
130.0 -0.0025269228923
130.5 -0.00215495265021
131.0 -0.00281316311776
131.5 -0.00243574137147
132.0 -0.00218695236037
132.5 -0.00188905310955
133.0 -0.00181203886499
133.5 -0.00201472556134
134.0 -0.00181939626012
134.5 -0.00165575436802
135.0 -0.00136583540548
135.5 -0.00167802364264
136.0 -0.00154882658885
136.5 -0.00143993951361
137.0 -0.00120918194762
137.5 -0.00114996989242
138.0 -0.000896183882492
138.5 -0.000850747522726
139.0 -0.00101367407108
139.5 -0.000886701966405
140.0 -0.00079131671809
140.5 -0.000746352327276
141.0 -0.000655719801671
141.5 -0.000703590581143
142.0 -0.000552892635273
142.5 -0.000510907626799
143.0 -0.000410330579561
143.5 -0.000350951485004
144.0 -0.000339869349583
144.5 -0.000199940012308
145.0 -0.000141556967082
145.5 4.08254632109e-05
146.0 -0.000146137283902
146.5 -0.00014617259589
147.0 -0.000106045888436
147.5 -7.51515344493e-05
148.0 -1.45378822336e-05
148.5 8.72227763674e-05
149.0 0.000185608665995
149.5 0.00034394349023
150.0 0.000187716093422
150.5 0.000172954378695
151.0 0.000267416561879
151.5 0.000468692235183
152.0 0.00037797868484
152.5 0.000332732544095
153.0 0.000436817994554
153.5 0.000544347364483
154.0 0.000640574506278
154.5 0.00077799296109
155.0 0.000932090432991
155.5 0.000824038976027
156.0 0.000848454412019
156.5 0.000862674085909
157.0 0.000895987508549
157.5 0.000891270558387
158.0 0.000868708372536
158.5 0.00093715487365
159.0 0.000901791464738
159.5 0.000833613822934
160.0 0.00107496129741
160.5 0.0011699592172
161.0 0.000980396369158
161.5 0.00115574673028
162.0 0.00125277958303
162.5 0.00137790955211
163.0 0.00149400888343
163.5 0.00157323349444
164.0 0.00161237854336
164.5 0.00167932837464
165.0 0.00189558838738
165.5 0.00197068262054
166.0 0.0015207031995
166.5 0.00178451779355
167.0 0.00187229087228
167.5 0.00206670680901
168.0 0.00233404539119
168.5 0.00253432946363
169.0 0.00254693126775
169.5 0.00268106897945
170.0 0.00292144338813
170.5 0.00291317695026
171.0 0.00296939569303
171.5 0.00312595065719
172.0 0.00276981322141
172.5 0.00304426326103
173.0 0.0034464606973
173.5 0.0036463433952
174.0 0.00367870403578
174.5 0.0035270866869
175.0 0.0034238714956
175.5 0.00283611218583
176.0 0.00280373037259
176.5 0.00293626312389
177.0 0.00171817610914
177.5 0.00331739864782
178.0 0.00255799996442
178.5 0.00230159024736
179.0 0.000585774634601
179.5 -0.00241153408594
180.0 -0.00483471756716
180.5 -0.00649944305695
181.0 -0.00295301750583
181.5 -3.57727753197e-05
182.0 -4.58467116005e-05
182.5 0.00160364980131
183.0 0.00177984083345
183.5 0.00190053348629
184.0 0.00156740698799
184.5 0.00150751602875
185.0 0.00216983552019
185.5 0.00154008141062
186.0 0.00132428923882
186.5 0.00173502242497
187.0 0.00134924772472
187.5 0.000938921359577
188.0 0.000811294186406
188.5 0.000720105024143
189.0 0.000271076188952
189.5 -7.65991385947e-05
190.0 -0.000339361958893
190.5 -0.00086292669377
191.0 -0.00109012813772
191.5 -0.00150534664856
192.0 -0.00200651148319
192.5 -0.00241718440417
193.0 -0.00306544790085
193.5 -0.00354956965361
194.0 -0.00440697658695
194.5 -0.00528926331941
195.0 -0.00614590697951
195.5 -0.00750353730834
196.0 -0.00956332883025
196.5 -0.0112856897444
197.0 -0.0136152716789
197.5 -0.0161297163698
198.0 -0.021906467113
198.5 -0.0294483931583
199.0 -0.0444961370903
199.5 -0.0692192549139
