0.0 -0.00802438650841
0.5 0.00879800376156
1.0 0.000152538831883
1.5 -0.00772317948705
2.0 -0.0122328383775
2.5 -0.0162702620599
3.0 -0.0190634298953
3.5 -0.0216027472819
4.0 -0.0238955000118
4.5 -0.0259061978011
5.0 -0.0277925114193
5.5 -0.0292448196033
6.0 -0.0306238495952
6.5 -0.0319535536363
7.0 -0.0329682236496
7.5 -0.0338602161085
8.0 -0.0346298970565
8.5 -0.0353542868716
9.0 -0.0359317430437
9.5 -0.0364473374349
10.0 -0.0368810702011
10.5 -0.0371500426264
11.0 -0.0374850565118
11.5 -0.0376782720386
12.0 -0.0377599702144
12.5 -0.0378258755359
13.0 -0.0378792063716
13.5 -0.0378170264218
14.0 -0.0377243602207
14.5 -0.0375812500409
15.0 -0.0373853471468
15.5 -0.0371925069736
16.0 -0.0369468386954
16.5 -0.0366215211938
17.0 -0.036316730127
17.5 -0.0360030405617
18.0 -0.035638970858
18.5 -0.0352307219333
19.0 -0.0348071858251
19.5 -0.0343808648995
20.0 -0.0338881319387
20.5 -0.0334450729565
21.0 -0.0329544067639
21.5 -0.0324194002383
22.0 -0.0318836950521
22.5 -0.031329737012
23.0 -0.0307853077467
23.5 -0.0302394183159
24.0 -0.0296928613496
24.5 -0.029127491864
25.0 -0.0285361957751
25.5 -0.0279432716029
26.0 -0.0273228269061
26.5 -0.0267228907139
27.0 -0.0261378281377
27.5 -0.0255094242213
28.0 -0.0248934051296
28.5 -0.0242939685957
29.0 -0.023699447382
29.5 -0.0230830848011
30.0 -0.0224839084058
30.5 -0.0218910191849
31.0 -0.0212924539639
31.5 -0.0206843690734
32.0 -0.0200929742155
32.5 -0.0194874401354
33.0 -0.0189032932357
33.5 -0.018343267832
34.0 -0.0177914185216
34.5 -0.0172208566916
35.0 -0.0166724383801
35.5 -0.0161267951035
36.0 -0.01559900305
36.5 -0.0150655263047
37.0 -0.0145376722918
37.5 -0.0140324081929
38.0 -0.0135365368388
38.5 -0.0130418891711
39.0 -0.0125504896654
39.5 -0.012080649473
40.0 -0.0116294316806
40.5 -0.0111711593748
41.0 -0.0107274738853
41.5 -0.0103158333921
42.0 -0.00989473669428
42.5 -0.00948322239471
43.0 -0.00909323559758
43.5 -0.00869335461972
44.0 -0.00832196485785
44.5 -0.00796613545415
45.0 -0.00758624838936
45.5 -0.00724375359271
46.0 -0.00690874050731
46.5 -0.00660548750669
47.0 -0.00629500957247
47.5 -0.00597541645599
48.0 -0.00569284576947
48.5 -0.00541333518231
49.0 -0.00514350221104
49.5 -0.00488495202326
50.0 -0.00461195218208
50.5 -0.00436897061445
51.0 -0.00413058802084
51.5 -0.00389958104183
52.0 -0.00368596428283
52.5 -0.00346146947302
53.0 -0.00326692012431
53.5 -0.00305766499933
54.0 -0.0028708954172
54.5 -0.00269908292135
55.0 -0.00249887141255
55.5 -0.0023055984117
56.0 -0.00214869589917
56.5 -0.00197931825228
57.0 -0.001852093588
57.5 -0.00171304987905
58.0 -0.00157616203239
58.5 -0.00146867181078
59.0 -0.00134303232733
59.5 -0.00122452296756
60.0 -0.00110533483585
60.5 -0.00100799019433
61.0 -0.000859728263672
61.5 -0.000751831042466
62.0 -0.000675363100855
62.5 -0.000610241947763
63.0 -0.000520369486253
63.5 -0.000439781923987
64.0 -0.000384150659059
64.5 -0.000331623271109
65.0 -0.000247759650016
65.5 -0.000130919508777
66.0 -5.90440712571e-05
66.5 -1.2272532512e-05
67.0 3.21520721833e-05
67.5 5.77506171844e-05
68.0 0.000130178554413
68.5 0.000180254133459
69.0 0.000218217293874
69.5 0.000233335580676
70.0 0.000253167554328
70.5 0.000341265104181
71.0 0.000361663967759
71.5 0.000369754538996
72.0 0.000468491291089
72.5 0.000508960019506
73.0 0.000476658783413
73.5 0.000504657803752
74.0 0.000490475816937
74.5 0.000512850914641
75.0 0.00048835439889
75.5 0.000499905674401
76.0 0.000515487452475
76.5 0.000590366811952
77.0 0.000581714113331
77.5 0.000555362681885
78.0 0.000579664177007
78.5 0.000600935078017
79.0 0.000535735155401
79.5 0.000561501375888
80.0 0.000569524895852
80.5 0.000515191379
81.0 0.000583592025025
81.5 0.000525632095119
82.0 0.000467898845997
82.5 0.000506784959647
83.0 0.000581254686967
83.5 0.000500136444746
84.0 0.000398890289976
84.5 0.000367608791294
85.0 0.000471865515781
85.5 0.000391542079498
86.0 0.000377276527463
86.5 0.000323062231971
87.0 0.000332288185312
87.5 0.000369591258508
88.0 0.000269358367252
88.5 0.000197510337859
89.0 0.000191169627062
89.5 0.000170135918477
90.0 0.00020345879793
90.5 0.000112705905899
91.0 9.14136801704e-05
91.5 6.52182019785e-05
92.0 -1.47288275798e-06
92.5 -4.01916971171e-05
93.0 -9.49241793329e-05
93.5 -0.000198022589398
94.0 -0.000182856547951
94.5 -0.000215647140141
95.0 -0.000327228556554
95.5 -0.000358130624441
96.0 -0.000367417208636
96.5 -0.00047360719536
97.0 -0.000625504414337
97.5 -0.000702061696188
98.0 -0.000695901977348
98.5 -0.000676171017343
99.0 -0.000699577522486
99.5 -0.000741239482124
100.0 -0.000641004953938
100.5 -0.000802438489366
101.0 -0.00082950224806
101.5 -0.00104407670506
102.0 -0.00106291875167
102.5 -0.00111178553097
103.0 -0.00123919219917
103.5 -0.0013931703663
104.0 -0.00139264814094
104.5 -0.0013455513459
105.0 -0.00155226187704
105.5 -0.00175797617315
106.0 -0.00190900581246
106.5 -0.00222182950456
107.0 -0.00226794525433
107.5 -0.00220470679776
108.0 -0.00230550618542
108.5 -0.00262464036958
109.0 -0.0029210302831
109.5 -0.00313481664696
110.0 -0.00321823211411
110.5 -0.00333627388915
111.0 -0.00354699963687
111.5 -0.00387437269794
112.0 -0.00377707690397
112.5 -0.00401229672241
113.0 -0.00443988705909
113.5 -0.00479050821045
114.0 -0.00464332801252
114.5 -0.00437017976074
115.0 -0.00485951561792
115.5 -0.00483086495481
116.0 -0.00429425179196
116.5 -0.00419737678224
117.0 -0.00457098412298
117.5 -0.0050676905248
118.0 -0.00501782797122
118.5 -0.00383771049417
119.0 -0.00340859357962
119.5 0.00284951479838
120.0 0.00497401781129
120.5 0.00542669723166
121.0 0.00507359339369
121.5 0.00106473796255
122.0 -0.004567449078
122.5 -0.00518411163074
123.0 -0.00501624372875
123.5 -0.00482051354327
124.0 -0.00490300507036
124.5 -0.00474925985156
125.0 -0.00466989277554
125.5 -0.00432911352055
126.0 -0.00411445091471
126.5 -0.00389097998436
127.0 -0.0043868572953
127.5 -0.00428734383935
128.0 -0.00384858416652
128.5 -0.00372900042556
129.0 -0.00313361738196
129.5 -0.00267513419617
130.0 -0.00326231080512
130.5 -0.00290077818178
131.0 -0.00276432174842
131.5 -0.00242447370687
132.0 -0.00233245395826
132.5 -0.002177669443
133.0 -0.00178889447875
133.5 -0.001774074413
134.0 -0.00204440417394
134.5 -0.00182357710845
135.0 -0.00172464919618
135.5 -0.00153676515627
136.0 -0.00146876365261
136.5 -0.00142182552354
137.0 -0.00129458911773
137.5 -0.0013533432476
138.0 -0.00118490632645
138.5 -0.00109814775629
139.0 -0.000989899573941
139.5 -0.00082368371562
140.0 -0.000647056005889
140.5 -0.000922664804801
141.0 -0.000740957933846
141.5 -0.000750708502711
142.0 -0.00064621602527
142.5 -0.000581050697349
143.0 -0.000415061011971
143.5 -0.000263959636007
144.0 -0.000227481602938
144.5 -0.000345549799247
145.0 -0.000317569592945
145.5 -0.000250359111895
146.0 -0.000133198832057
146.5 -6.21641749321e-05
147.0 3.01622239478e-05
147.5 0.000141556235305
148.0 0.000282076105451
148.5 0.000369027115811
149.0 0.000312702181716
149.5 0.000344247950137
150.0 0.000375259243178
150.5 0.000406024291586
151.0 0.000428510555932
151.5 0.000430125667963
152.0 0.000506838502135
152.5 0.00066206189276
153.0 0.000710274196534
153.5 0.000628738639511
154.0 0.000630009205183
154.5 0.000735081592893
155.0 0.000879602037001
155.5 0.00107483197028
156.0 0.000936570739096
156.5 0.00101783959126
157.0 0.001244828911
157.5 0.00127661505007
158.0 0.00118860741411
158.5 0.001165546787
159.0 0.00113862744426
159.5 0.00128707559644
160.0 0.001418123401
160.5 0.0015162338928
161.0 0.00163889486028
161.5 0.00175926085358
162.0 0.00161705644713
162.5 0.00168827758819
163.0 0.00187303292893
163.5 0.00201891313561
164.0 0.0021503816365
164.5 0.00222073430241
165.0 0.00225581358119
165.5 0.00226524711496
166.0 0.00222469001125
166.5 0.00235647026343
167.0 0.00249523605085
167.5 0.00241805881229
168.0 0.00259855306904
168.5 0.00293554466351
169.0 0.00309393624841
169.5 0.00328010372462
170.0 0.00343049572122
170.5 0.00355108630947
171.0 0.0039242608479
171.5 0.00406082946044
172.0 0.00420674473941
172.5 0.00454199106345
173.0 0.00481969677411
173.5 0.0046667318658
174.0 0.00441662138618
174.5 0.00475536676014
175.0 0.00493305139895
175.5 0.00457503930187
176.0 0.0045790014683
176.5 0.00417415089771
177.0 0.00408273777393
177.5 0.00603885996107
178.0 0.00331121333851
178.5 0.00409431796392
179.0 -0.00229163619412
179.5 -0.00509310666911
180.0 -0.00452148661584
180.5 -0.00640966487488
181.0 -0.00461505823949
181.5 -0.00219766453613
182.0 -0.000613844502396
182.5 0.00165357581021
183.0 0.00123582631267
183.5 0.00164432916475
184.0 0.0014820033481
184.5 0.00139595821422
185.0 0.00131411518615
185.5 0.0010102290325
186.0 0.00101228227017
186.5 0.000836086876191
187.0 0.000517877815199
187.5 0.000596000604304
188.0 0.000471744809062
188.5 2.37914753001e-05
189.0 -0.000312703725882
189.5 -0.000465634880243
190.0 -0.000747329602973
190.5 -0.00125622857544
191.0 -0.00153307665011
191.5 -0.00193419553024
192.0 -0.00241838469753
192.5 -0.00279589845039
193.0 -0.00342799942375
193.5 -0.00390333902016
194.0 -0.00477773906954
194.5 -0.00571216855454
195.0 -0.00660774892579
195.5 -0.00821814222836
196.0 -0.00921668322455
196.5 -0.0116873412083
197.0 -0.0141128677894
197.5 -0.0165944533391
198.0 -0.0223269126059
198.5 -0.0299291046147
199.0 -0.0449148062881
199.5 -0.0694825280174
