0.0 0.00094579199415
0.5 0.0254666590568
1.0 0.0289367462507
1.5 0.0207011415686
2.0 0.0152326029614
2.5 0.0107430418315
3.0 0.00754967778441
3.5 0.00459910999037
4.0 0.00185226002882
4.5 -0.000630765930399
5.0 -0.00315853511899
5.5 -0.00530503161386
6.0 -0.00759722465629
6.5 -0.00969001822169
7.0 -0.0115193717565
7.5 -0.0134155520978
8.0 -0.0151912905528
8.5 -0.0169409315748
9.0 -0.0186266971675
9.5 -0.020264703403
10.0 -0.0218615428057
10.5 -0.0233870652394
11.0 -0.024893016845
11.5 -0.0263527428115
12.0 -0.0277464611132
12.5 -0.0290752633974
13.0 -0.0303725926446
13.5 -0.0315949342463
14.0 -0.0327773817714
14.5 -0.0338855798314
15.0 -0.0349193843615
15.5 -0.0359203930279
16.0 -0.0368505774879
16.5 -0.0377284609449
17.0 -0.0385151002302
17.5 -0.0392588590618
18.0 -0.0399586622359
18.5 -0.0405641937506
19.0 -0.0411303846745
19.5 -0.0416293890556
20.0 -0.0420267664143
20.5 -0.0423539321253
21.0 -0.0426120565162
21.5 -0.0428066672051
22.0 -0.0429435920487
22.5 -0.0430006541708
23.0 -0.0430067117802
23.5 -0.0429567530193
24.0 -0.042850300692
24.5 -0.0426687660039
25.0 -0.0424075545346
25.5 -0.0420943805228
26.0 -0.0417188311879
26.5 -0.0412958590966
27.0 -0.0408367932891
27.5 -0.0403097246668
28.0 -0.0397663277241
28.5 -0.03919209111
29.0 -0.0385452025286
29.5 -0.0378931434296
30.0 -0.0372000209225
30.5 -0.0364649511344
31.0 -0.0357048656202
31.5 -0.0349400583287
32.0 -0.0341585965014
32.5 -0.0333330428185
33.0 -0.0325075786742
33.5 -0.0316795850017
34.0 -0.0308603853546
34.5 -0.0300156931893
35.0 -0.0291711726179
35.5 -0.0283394238179
36.0 -0.0274936176597
36.5 -0.0266607039675
37.0 -0.0258378954689
37.5 -0.0250221213163
38.0 -0.0242195024752
38.5 -0.0234080137674
39.0 -0.0226286516373
39.5 -0.0218723564731
40.0 -0.0210922175285
40.5 -0.0203516680209
41.0 -0.01961480557
41.5 -0.0189014293367
42.0 -0.0181997398417
42.5 -0.0175168517464
43.0 -0.0168571096213
43.5 -0.0162087588618
44.0 -0.0155881557544
44.5 -0.0149839681176
45.0 -0.0143574184126
45.5 -0.0137849831626
46.0 -0.0132141111438
46.5 -0.0126836196328
47.0 -0.0121609727164
47.5 -0.0116360057699
48.0 -0.0111497665675
48.5 -0.0106747683631
49.0 -0.0102278199605
49.5 -0.00976433997058
50.0 -0.00931848572197
50.5 -0.00892066278868
51.0 -0.00849061387849
51.5 -0.00811106071133
52.0 -0.0077453186251
52.5 -0.00736849860478
53.0 -0.00703549449148
53.5 -0.00670656312494
54.0 -0.00638331340722
54.5 -0.00609555680741
55.0 -0.00576096549553
55.5 -0.00545311692764
56.0 -0.00521521470679
56.5 -0.00493786875421
57.0 -0.00467793399976
57.5 -0.00442408660075
58.0 -0.00420607606363
58.5 -0.00398978242478
59.0 -0.00376170069878
59.5 -0.00356838647504
60.0 -0.00333603234217
60.5 -0.00314421836801
61.0 -0.00294760640378
61.5 -0.00277150078907
62.0 -0.00260346170034
62.5 -0.00246183861463
63.0 -0.00231256582835
63.5 -0.00217753568448
64.0 -0.00205391336364
64.5 -0.00191993683034
65.0 -0.00180709230864
65.5 -0.00163859139418
66.0 -0.00151665042156
66.5 -0.00139984597634
67.0 -0.00131564155683
67.5 -0.00119916749697
68.0 -0.00110088124734
68.5 -0.00104077986225
69.0 -0.000942871685323
69.5 -0.00088648554264
70.0 -0.000847500628959
70.5 -0.000670305782171
71.0 -0.000597694520801
71.5 -0.000550651312819
72.0 -0.000483986351256
72.5 -0.00040223811726
73.0 -0.000382549705643
73.5 -0.000356540075183
74.0 -0.000309971910859
74.5 -0.000253913324022
75.0 -0.000218303487321
75.5 -0.000175086068964
76.0 -0.000118768983837
76.5 -7.06575482532e-05
77.0 -2.97345351932e-05
77.5 -6.66053907139e-07
78.0 -3.86708390039e-05
78.5 1.01164251873e-05
79.0 8.68466236881e-05
79.5 6.68865329594e-05
80.0 2.14643001826e-05
80.5 4.96490510375e-05
81.0 6.16778700486e-05
81.5 3.52875424348e-05
82.0 8.7614876719e-05
82.5 0.000141817568807
83.0 0.000154922700812
83.5 0.000135987592849
84.0 9.78750654959e-05
84.5 8.62124595677e-05
85.0 2.05501330441e-05
85.5 9.52285520164e-05
86.0 7.94622525362e-05
86.5 2.26646741979e-05
87.0 4.64835427678e-05
87.5 0.000167052896501
88.0 0.000116137439459
88.5 2.20722924809e-05
89.0 7.69777601981e-05
89.5 5.61294118029e-05
90.0 -3.49484398043e-06
90.5 -3.22357301457e-05
91.0 -4.30052868197e-05
91.5 -4.10007299365e-05
92.0 -8.75964383731e-05
92.5 -0.000104641047706
93.0 -0.000188302730493
93.5 -0.000332896895504
94.0 -0.000260965672563
94.5 -0.000189722624679
95.0 -0.000156138636886
95.5 -0.000368433503738
96.0 -0.000404712136675
96.5 -0.000518030111067
97.0 -0.000500917123919
97.5 -0.000426414471931
98.0 -0.000513622574083
98.5 -0.000685883574874
99.0 -0.000646125170249
99.5 -0.00064303661668
100.0 -0.000577458755046
100.5 -0.000847913778287
101.0 -0.000766910599111
101.5 -0.000917298726492
102.0 -0.00101911966373
102.5 -0.00115083947253
103.0 -0.00126434840858
103.5 -0.0012883680735
104.0 -0.00118059375972
104.5 -0.0014220745815
105.0 -0.00139630710683
105.5 -0.0015479731555
106.0 -0.00156688909762
106.5 -0.00175001011263
107.0 -0.0017782359479
107.5 -0.00192379460296
108.0 -0.00221652127827
108.5 -0.00239191782362
109.0 -0.00251304450606
109.5 -0.00266142865821
110.0 -0.00243610002481
110.5 -0.0027493115619
111.0 -0.0029542015474
111.5 -0.00337560101033
112.0 -0.00354924248688
112.5 -0.00343279019059
113.0 -0.00339735049774
113.5 -0.00383389140165
114.0 -0.00380952501069
114.5 -0.00398463583123
115.0 -0.00412832582712
115.5 -0.0038387661518
116.0 -0.00397953394838
116.5 -0.00416684977361
117.0 -0.00482434362594
117.5 -0.00413745391306
118.0 -0.00313201507429
118.5 -0.00186314251111
119.0 0.000414575369163
119.5 0.00762757234749
120.0 0.00782296172513
120.5 0.00470774387676
121.0 0.000792382721386
121.5 -0.00540828148795
122.0 -0.00836204036973
122.5 -0.00910274101057
123.0 -0.00659738403333
123.5 -0.00586007249115
124.0 -0.00574710439807
124.5 -0.00560982305376
125.0 -0.00572839087864
125.5 -0.00557665884864
126.0 -0.00553470416178
126.5 -0.00567333526054
127.0 -0.00561761280652
127.5 -0.00536416779178
128.0 -0.00511945514161
128.5 -0.00500839135015
129.0 -0.00448926502695
129.5 -0.0041841028489
130.0 -0.00370730235997
130.5 -0.00429565459766
131.0 -0.00402789965153
131.5 -0.00353440069592
132.0 -0.00336619175294
132.5 -0.00319227694479
133.0 -0.00287526579083
133.5 -0.00268507946921
134.0 -0.0025387420396
134.5 -0.00279972067553
135.0 -0.00253450639104
135.5 -0.0020526896262
136.0 -0.002353972366
136.5 -0.00226793814621
137.0 -0.00204553486455
137.5 -0.00198250405827
138.0 -0.00174838309783
138.5 -0.00162284558055
139.0 -0.00143970998685
139.5 -0.00129124400259
140.0 -0.00150703239795
140.5 -0.00137067987616
141.0 -0.00124681515485
141.5 -0.00124544302429
142.0 -0.00104146733559
142.5 -0.000969698270266
143.0 -0.000829356362729
143.5 -0.000722774241829
144.0 -0.000672238309658
144.5 -0.000493106642995
145.0 -0.00035642232575
145.5 -0.000578353816697
146.0 -0.000499926430506
146.5 -0.000371873075242
147.0 -0.000183575482451
147.5 -0.000222200603579
148.0 -0.000272906670231
148.5 -0.000170844552774
149.0 -7.22018868983e-05
149.5 9.59637665437e-05
150.0 0.000273207450305
150.5 0.000109025541927
151.0 7.62202056394e-05
151.5 0.000136465485886
152.0 0.000251385474388
152.5 0.000329519702614
153.0 0.000412050279007
153.5 0.000487120838828
154.0 0.000556514035535
154.5 0.00061713177713
155.0 0.000673385162075
155.5 0.000746682201282
156.0 0.000852078461264
156.5 0.000917586540041
157.0 0.00101005791052
157.5 0.00108941064135
158.0 0.00113756165823
158.5 0.00126330489588
159.0 0.00133025851062
159.5 0.00139160835807
160.0 0.00154635414159
160.5 0.00160462353722
161.0 0.00180505645558
161.5 0.00197699286477
162.0 0.0019602288772
162.5 0.00200577391055
163.0 0.00208492324669
163.5 0.00214446175742
164.0 0.00216664186327
164.5 0.00219831899235
165.0 0.00233794365372
165.5 0.00240226961786
166.0 0.00243305321652
166.5 0.00231466889954
167.0 0.0025320100888
167.5 0.00295212509248
168.0 0.00320701812024
168.5 0.00327226148168
169.0 0.00332628585974
169.5 0.00346385013503
170.0 0.00357015454274
170.5 0.00312065208749
171.0 0.00364059694925
171.5 0.00412671017895
172.0 0.00442612172313
172.5 0.00424040017286
173.0 0.00428701156791
173.5 0.00471649879259
174.0 0.00489804996968
174.5 0.00494444975503
175.0 0.00504975484371
175.5 0.00464252334646
176.0 0.00496667971154
176.5 0.00564069077524
177.0 0.00613597031726
177.5 0.00858810940518
178.0 0.00553251179055
178.5 0.00539071372533
179.0 0.000253082607458
179.5 -0.0030552191667
180.0 -0.00413859495794
180.5 -0.00542555243695
181.0 -0.00305819961427
181.5 -0.00151296431216
182.0 -0.000702265945833
182.5 0.000349082285169
183.0 0.00138688260624
183.5 0.00168112835161
184.0 0.0014719159653
184.5 0.00136573922407
185.0 0.00133481467253
185.5 0.00106541157291
186.0 0.00111744097045
186.5 0.00108613435063
187.0 0.000934298623008
187.5 0.000716463046089
188.0 0.000455140790692
188.5 0.000311344815458
189.0 -3.98086830131e-05
189.5 -0.000188435432136
190.0 -0.000492603053317
190.5 -0.000879099312257
191.0 -0.00106139097205
191.5 -0.00139275090319
192.0 -0.0017420457887
192.5 -0.00199886672512
193.0 -0.00253252002445
193.5 -0.0029552360198
194.0 -0.0035741839482
194.5 -0.00427547925467
195.0 -0.00500897657243
195.5 -0.00637071477462
196.0 -0.00742006312049
196.5 -0.00868590968989
197.0 -0.0102338447356
197.5 -0.0113919287356
198.0 -0.0145289351889
198.5 -0.0198676970657
199.0 -0.0305955342822
199.5 -0.0462303171871
