0.0 -0.00398705622979
0.5 0.00454295459729
1.0 -0.00264297716866
1.5 -0.00638638515131
2.0 -0.00921199999867
2.5 -0.0115665002061
3.0 -0.0124822100673
3.5 -0.0135724940772
4.0 -0.0146195798438
4.5 -0.0155174406034
5.0 -0.0164683367534
5.5 -0.017424857165
6.0 -0.0181697532401
6.5 -0.0187740212784
7.0 -0.019246420569
7.5 -0.0198014155317
8.0 -0.0202359859407
8.5 -0.0206480790647
9.0 -0.0210061056685
9.5 -0.0213362901886
10.0 -0.0216450844018
10.5 -0.021846917187
11.0 -0.0220449625298
11.5 -0.0221946080372
12.0 -0.0223862989525
12.5 -0.0225213897641
13.0 -0.0225565945119
13.5 -0.0225899230387
14.0 -0.0226272747928
14.5 -0.0226129348076
15.0 -0.0225306900694
15.5 -0.0225403980388
16.0 -0.022458109043
16.5 -0.0223226984395
17.0 -0.0222064235495
17.5 -0.0220891278532
18.0 -0.0219249788654
18.5 -0.0217622539947
19.0 -0.0215667878393
19.5 -0.0213709581804
20.0 -0.0211613603688
20.5 -0.0209448767568
21.0 -0.020693141113
21.5 -0.0204348447108
22.0 -0.0202004460144
22.5 -0.0199617050712
23.0 -0.0196771484692
23.5 -0.01940166536
24.0 -0.0191198286539
24.5 -0.0188484194502
25.0 -0.0185382249939
25.5 -0.0182302868229
26.0 -0.0179328410197
26.5 -0.0176197313893
27.0 -0.0172990868175
27.5 -0.0169785258956
28.0 -0.0166695156442
28.5 -0.0163883978408
29.0 -0.0160609117141
29.5 -0.0157712127406
30.0 -0.0154482951169
30.5 -0.0151257743033
31.0 -0.0148096609067
31.5 -0.0144861950033
32.0 -0.0141747323866
32.5 -0.0138596573298
33.0 -0.0135419564839
33.5 -0.0132402441752
34.0 -0.0129234214083
34.5 -0.0126305295225
35.0 -0.0123395785104
35.5 -0.0120293227062
36.0 -0.0117274613226
36.5 -0.0114350276447
37.0 -0.0111550781475
37.5 -0.0108779020972
38.0 -0.0105918480026
38.5 -0.0103266501273
39.0 -0.0100423657406
39.5 -0.00977936694973
40.0 -0.00952216218068
40.5 -0.00926913048807
41.0 -0.00901010682394
41.5 -0.00875919123324
42.0 -0.00851012650051
42.5 -0.00826085209871
43.0 -0.00801563202009
43.5 -0.00778411583537
44.0 -0.00756515592555
44.5 -0.00732490687351
45.0 -0.00709909128445
45.5 -0.00690061585859
46.0 -0.00668660386008
46.5 -0.00647814973455
47.0 -0.00626935878355
47.5 -0.00606373209924
48.0 -0.00589624607271
48.5 -0.00570764203226
49.0 -0.00551516364407
49.5 -0.0053430050807
50.0 -0.00515474588155
50.5 -0.0050057737628
51.0 -0.00482672661606
51.5 -0.00467799794743
52.0 -0.0045262001902
52.5 -0.00436215391384
53.0 -0.00423431850862
53.5 -0.00408491853828
54.0 -0.0039143509871
54.5 -0.00379413715958
55.0 -0.00365342451333
55.5 -0.00353794137051
56.0 -0.00339653288139
56.5 -0.00328520181684
57.0 -0.00317119872768
57.5 -0.0030410049039
58.0 -0.00294866903971
58.5 -0.00286432220485
59.0 -0.00275381897864
59.5 -0.00267237093709
60.0 -0.00257482911511
60.5 -0.00249183342051
61.0 -0.00235020543467
61.5 -0.00224890183571
62.0 -0.00217779261913
62.5 -0.00210868163918
63.0 -0.00202264323306
63.5 -0.00192493858471
64.0 -0.00186982542519
64.5 -0.00182373503223
65.0 -0.00175571233387
65.5 -0.00168362233057
66.0 -0.00156755041724
66.5 -0.00150324430106
67.0 -0.00147864059342
67.5 -0.00140543808651
68.0 -0.00135438563221
68.5 -0.001326142276
69.0 -0.00124987245729
69.5 -0.00123101917091
70.0 -0.00121920074331
70.5 -0.00116751934174
71.0 -0.00110288612638
71.5 -0.00103580099327
72.0 -0.00100445578063
72.5 -0.000954425506817
73.0 -0.000948810888508
73.5 -0.000937451363301
74.0 -0.000919155205283
74.5 -0.000892340303558
75.0 -0.000867474585831
75.5 -0.000824080193013
76.0 -0.000791711997859
76.5 -0.000774121059854
77.0 -0.000745074794036
77.5 -0.000756946332798
78.0 -0.000758621616706
78.5 -0.000650892699086
79.0 -0.000715082895301
79.5 -0.00071487297188
80.0 -0.000661383017061
80.5 -0.00069712638515
81.0 -0.000624733050687
81.5 -0.000643762316571
82.0 -0.000654943405163
82.5 -0.000648369937725
83.0 -0.00063625100243
83.5 -0.00064362303819
84.0 -0.00064999349819
84.5 -0.000695169475875
85.0 -0.000721018935277
85.5 -0.000740778408836
86.0 -0.000661905972219
86.5 -0.000677033265664
87.0 -0.00072364519789
87.5 -0.000709209565326
88.0 -0.000687045265348
88.5 -0.000675183420864
89.0 -0.000733908929359
89.5 -0.00072010216391
90.0 -0.000745030551016
90.5 -0.000714558603203
91.0 -0.000875350374589
91.5 -0.000960107926208
92.0 -0.00087864707838
92.5 -0.000784194702536
93.0 -0.000856465897261
93.5 -0.000962851024305
94.0 -0.000874846567381
94.5 -0.00100813135805
95.0 -0.000976963756877
95.5 -0.00107251768439
96.0 -0.00107528029432
96.5 -0.000994595990235
97.0 -0.00118760880144
97.5 -0.00129306871769
98.0 -0.00126090716805
98.5 -0.00130527418952
99.0 -0.00130653508722
99.5 -0.00126144112807
100.0 -0.00143595973372
100.5 -0.00151593874823
101.0 -0.00157877495314
101.5 -0.00162135682528
102.0 -0.00174068666769
102.5 -0.00184146319503
103.0 -0.00174606788972
103.5 -0.00175142888005
104.0 -0.00193054310144
104.5 -0.00185455325408
105.0 -0.00205246382288
105.5 -0.00187351820034
106.0 -0.00201532016423
106.5 -0.00232374072227
107.0 -0.00245120952346
107.5 -0.00234733945405
108.0 -0.00243548900659
108.5 -0.0027513371699
109.0 -0.00283531940877
109.5 -0.00304269494031
110.0 -0.00297777400198
110.5 -0.00315883686137
111.0 -0.00348036891922
111.5 -0.00371957105872
112.0 -0.00397347062552
112.5 -0.00408751161406
113.0 -0.00408772886169
113.5 -0.00411086777257
114.0 -0.00365541886683
114.5 -0.00422658602056
115.0 -0.00399484571854
115.5 -0.0035153289959
116.0 -0.00363984991911
116.5 -0.00366371362792
117.0 -0.00381759504657
117.5 -0.00476548843965
118.0 -0.00304462673456
118.5 0.000289868695347
119.0 0.00412345328024
119.5 0.00868130419836
120.0 0.004567747975
120.5 0.000761969579628
121.0 -0.00128087241158
121.5 -0.00570157668842
122.0 -0.00543219249747
122.5 -0.00737670203669
123.0 -0.00628881519624
123.5 -0.00648356895526
124.0 -0.00618137150177
124.5 -0.00599673447681
125.0 -0.0060810885777
125.5 -0.0058811528513
126.0 -0.00570227899502
126.5 -0.00566455504188
127.0 -0.00513696711111
127.5 -0.00524775928713
128.0 -0.00538591909289
128.5 -0.00494165935471
129.0 -0.00439098138146
129.5 -0.00412190576152
130.0 -0.00390362145493
130.5 -0.00374409649486
131.0 -0.00360168657968
131.5 -0.003075172699
132.0 -0.00329831898235
132.5 -0.0032580349442
133.0 -0.00294128663333
133.5 -0.00277309647561
134.0 -0.00254048153613
134.5 -0.00232119734767
135.0 -0.00271179154839
135.5 -0.00238602394344
136.0 -0.00227520241559
136.5 -0.00219985057877
137.0 -0.00197767499839
137.5 -0.00186981837952
138.0 -0.00180122947159
138.5 -0.00194560268947
139.0 -0.00178082630098
139.5 -0.00159846670195
140.0 -0.00143652164271
140.5 -0.00121149622355
141.0 -0.00138240610937
141.5 -0.00141538490496
142.0 -0.00126946022111
142.5 -0.00115848307536
143.0 -0.000933279338195
143.5 -0.000909486681099
144.0 -0.00110834234396
144.5 -0.000921300964519
145.0 -0.000800667137513
145.5 -0.000694846312858
146.0 -0.000503388601222
146.5 -0.000649979271359
147.0 -0.000645598902567
147.5 -0.000583344006369
148.0 -0.000513022019731
148.5 -0.000453771050095
149.0 -0.000465450156982
149.5 -0.000383241721491
150.0 -0.000246539318271
150.5 -0.000132698358865
151.0 5.95900970399e-05
151.5 -3.54744971531e-05
152.0 -7.32588870589e-05
152.5 -0.000125286463344
153.0 -9.34893890232e-05
153.5 1.6556570154e-05
154.0 0.000129638367227
154.5 0.00020722667648
155.0 0.00026704251168
155.5 0.000345790219482
156.0 0.000421992404011
156.5 0.000477828891089
157.0 0.000564577486927
157.5 0.00064131991839
158.0 0.000696706060285
158.5 0.000861608594132
159.0 0.000985301098083
159.5 0.00102775993393
160.0 0.00101243754282
160.5 0.000990228323854
161.0 0.00104256576039
161.5 0.00111348464975
162.0 0.00112761472329
162.5 0.00124371651415
163.0 0.00131738962715
163.5 0.00134426918439
164.0 0.00137290299925
164.5 0.00141934734598
165.0 0.00152542304938
165.5 0.00155415408845
166.0 0.00153442197244
166.5 0.00148935795738
167.0 0.00164507749503
167.5 0.00206712919309
168.0 0.00226429863648
168.5 0.00234028083062
169.0 0.00235168826229
169.5 0.00241982767271
170.0 0.00256107523207
170.5 0.00260465976488
171.0 0.00278606006911
171.5 0.00250387335808
172.0 0.0026882223402
172.5 0.00323984282633
173.0 0.00355724421146
173.5 0.00360033869536
174.0 0.0036623128298
174.5 0.00370418577211
175.0 0.00382548418644
175.5 0.00250933884051
176.0 0.00331162901951
176.5 0.00391120429143
177.0 0.0044996769218
177.5 0.00629759306311
178.0 0.00269041145039
178.5 0.00261892358918
179.0 0.000284297257238
179.5 -0.00155962005152
180.0 -0.000939982016902
180.5 -0.00409930813906
181.0 -0.00521821600097
181.5 -0.00282269575773
182.0 0.000570401482435
182.5 0.00180268723713
183.0 0.00214267739338
183.5 0.00232259577783
184.0 0.00204730041598
184.5 0.00192834709465
185.0 0.00185484431854
185.5 0.00143053260568
186.0 0.00217073948207
186.5 0.00197408771957
187.0 0.00163358335487
187.5 0.00144337942365
188.0 0.00122485143187
188.5 0.000874998181985
189.0 0.000654361253495
189.5 0.000429729023168
190.0 6.36704369583e-05
190.5 -0.000382880658435
191.0 -0.000552681714666
191.5 -0.000873059309058
192.0 -0.00127729414827
192.5 -0.00155989819233
193.0 -0.00206296186799
193.5 -0.00234118633807
194.0 -0.00312279351016
194.5 -0.00414094870411
195.0 -0.00481766079508
195.5 -0.0062631933958
196.0 -0.00718172515145
196.5 -0.00838253966472
197.0 -0.00992287598257
197.5 -0.011004613053
198.0 -0.0139693206761
198.5 -0.0192425602473
199.0 -0.0297957021002
199.5 -0.0456489113238
