0.0 -0.00598383648772
0.5 0.0104745798085
1.0 0.00210017124767
1.5 -0.00328734961666
2.0 -0.00700303160986
2.5 -0.0102687385182
3.0 -0.0123894144484
3.5 -0.0143883742681
4.0 -0.0161816235348
4.5 -0.0181460655428
5.0 -0.0196636856773
5.5 -0.0209340662138
6.0 -0.0222223742689
6.5 -0.0233762245673
7.0 -0.0243826729916
7.5 -0.0254098195054
8.0 -0.0263203567526
8.5 -0.0271854556919
9.0 -0.0279616033233
9.5 -0.0286910464666
10.0 -0.0293501684231
10.5 -0.0298861034946
11.0 -0.0304684644668
11.5 -0.0309304483781
12.0 -0.0312868143069
12.5 -0.0316019857338
13.0 -0.0318783218356
13.5 -0.0321485745547
14.0 -0.0322868163513
14.5 -0.032350283308
15.0 -0.0324427726767
15.5 -0.0324294563798
16.0 -0.0323448921787
16.5 -0.0322144571257
17.0 -0.0320377517998
17.5 -0.0318588852326
18.0 -0.0316587912295
18.5 -0.0313637938755
19.0 -0.0310397842008
19.5 -0.030702208855
20.0 -0.0303041171622
20.5 -0.0298870092104
21.0 -0.0294389985701
21.5 -0.0289535679399
22.0 -0.0284645692536
22.5 -0.0279482809248
23.0 -0.0274298081847
23.5 -0.0268937938582
24.0 -0.0263425972854
24.5 -0.0257964754661
25.0 -0.0251904182375
25.5 -0.0246222612521
26.0 -0.0240409589977
26.5 -0.0234443566617
27.0 -0.0228514654522
27.5 -0.0222406230758
28.0 -0.0216406276385
28.5 -0.0210856751456
29.0 -0.0204836226414
29.5 -0.0199077777593
30.0 -0.0193182087087
30.5 -0.0187443466062
31.0 -0.0181860113372
31.5 -0.0176211458442
32.0 -0.0170734941212
32.5 -0.0165106878468
33.0 -0.0159602996653
33.5 -0.0154398563268
34.0 -0.0149157880674
34.5 -0.0144199043485
35.0 -0.0139213108104
35.5 -0.0134348923207
36.0 -0.0129621585762
36.5 -0.0124930010196
37.0 -0.0120349316458
37.5 -0.011591412284
38.0 -0.0111614722937
38.5 -0.0107449109952
39.0 -0.0103146513081
39.5 -0.00991685108624
40.0 -0.00954354446858
40.5 -0.00915943324408
41.0 -0.0087830057774
41.5 -0.00842887931685
42.0 -0.00808455473731
42.5 -0.00774341827528
43.0 -0.00740697725353
43.5 -0.007085001557
44.0 -0.00678435194514
44.5 -0.00648133188342
45.0 -0.00617887183475
45.5 -0.00591058345688
46.0 -0.00563575811168
46.5 -0.00537577863684
47.0 -0.00512618436689
47.5 -0.00487727953267
48.0 -0.00465526216456
48.5 -0.00442553910067
49.0 -0.00421000861571
49.5 -0.00398353183574
50.0 -0.0037447217357
50.5 -0.00356695762291
51.0 -0.00336031411491
51.5 -0.00318439875568
52.0 -0.00300753132636
52.5 -0.00281973821283
53.0 -0.00266640498873
53.5 -0.00251378294268
54.0 -0.00236170020859
54.5 -0.0022128474951
55.0 -0.00205725000369
55.5 -0.00192942326514
56.0 -0.00178517494276
56.5 -0.0016742883124
57.0 -0.00155546364165
57.5 -0.00142967748373
58.0 -0.00133743029305
58.5 -0.0012382149069
59.0 -0.00111101813166
59.5 -0.00103965660442
60.0 -0.000951439950262
60.5 -0.000858293979475
61.0 -0.000775613368173
61.5 -0.000654870402784
62.0 -0.00056935404141
62.5 -0.000529108726329
63.0 -0.000468849345424
63.5 -0.00040108609814
64.0 -0.000314045661124
64.5 -0.000281791714755
65.0 -0.000208125252065
65.5 -0.000154084652893
66.0 -9.49867288078e-05
66.5 -3.95208759549e-05
67.0 7.02003045205e-06
67.5 4.60206960842e-05
68.0 8.9709822884e-05
68.5 0.000120464081403
69.0 0.000132400836369
69.5 0.000156343222285
70.0 0.000173274048617
70.5 0.000264196768391
71.0 0.000277820436084
71.5 0.000305369914278
72.0 0.000316971483235
72.5 0.000349251015479
73.0 0.000343632107239
73.5 0.00036355882304
74.0 0.000357874575782
74.5 0.00037918042789
75.0 0.000391640743249
75.5 0.000394211366567
76.0 0.000406279176987
76.5 0.00040500574762
77.0 0.000441061398121
77.5 0.000486242212142
78.0 0.000470704321842
78.5 0.000388382468218
79.0 0.000342214900803
79.5 0.000386614792061
80.0 0.000329420031491
80.5 0.000363084332792
81.0 0.000395796128478
81.5 0.000376142300603
82.0 0.000379628755841
82.5 0.000374485859897
83.0 0.000289153971224
83.5 0.000292740553753
84.0 0.000389656902083
84.5 0.000316610639068
85.0 0.000278864022007
85.5 0.000301161827817
86.0 0.000270650053906
86.5 0.000212066220033
87.0 0.000175119887526
87.5 0.000213753751559
88.0 0.000184147952243
88.5 0.0001415752977
89.0 8.30450149785e-05
89.5 5.56341615443e-05
90.0 4.23453356326e-05
90.5 3.79118607796e-06
91.0 -3.38138194316e-05
91.5 -3.38904997896e-05
92.0 -7.56552695229e-05
92.5 -8.64274389158e-05
93.0 -0.000153119340595
93.5 -0.000250149734587
94.0 -0.000173641802288
94.5 -0.000168491066177
95.0 -0.000342843174071
95.5 -0.000400687985138
96.0 -0.000458172385997
96.5 -0.000475443394024
97.0 -0.000551397502967
97.5 -0.000599569218149
98.0 -0.000667084687887
98.5 -0.000745063496698
99.0 -0.000684685000298
99.5 -0.000771669677071
100.0 -0.000643869202115
100.5 -0.000729437029662
101.0 -0.000896357204518
101.5 -0.000983800210108
102.0 -0.00103862972119
102.5 -0.00113823956054
103.0 -0.001243584698
103.5 -0.00143187852855
104.0 -0.00153291076141
104.5 -0.0014158395671
105.0 -0.0012859422999
105.5 -0.00151914282713
106.0 -0.00168609602904
106.5 -0.00181987287289
107.0 -0.0019524392998
107.5 -0.00206930539948
108.0 -0.00220187155685
108.5 -0.00237530359866
109.0 -0.00258405606979
109.5 -0.00268315433571
110.0 -0.00231038610972
110.5 -0.00291726126903
111.0 -0.00294501406035
111.5 -0.00356927856162
112.0 -0.00337720756758
112.5 -0.00308596919258
113.0 -0.00327958302798
113.5 -0.00390102383544
114.0 -0.00372688707704
114.5 -0.00392458728523
115.0 -0.00316419262172
115.5 -0.00267018690455
116.0 -0.002760671242
116.5 -0.0032845692176
117.0 -0.00371782939867
117.5 -0.00291497177244
118.0 -0.00250043501865
118.5 -0.001989613736
119.0 -0.000638774433853
119.5 0.00613937471182
120.0 0.00777592977919
120.5 0.00582795446533
121.0 0.00254628444914
121.5 -0.00661691401321
122.0 -0.00857803410405
122.5 -0.00993958965852
123.0 -0.00846357331977
123.5 -0.00709418294188
124.0 -0.00631257957801
124.5 -0.00591836631108
125.0 -0.00587179765508
125.5 -0.00561227706751
126.0 -0.00562104040654
126.5 -0.00574306762373
127.0 -0.00543109737629
127.5 -0.00485953907003
128.0 -0.00498029472105
128.5 -0.00528284198511
129.0 -0.00447373173652
129.5 -0.00386321904556
130.0 -0.00438956770361
130.5 -0.00395794080425
131.0 -0.00377140540626
131.5 -0.00341904103314
132.0 -0.00325375199217
132.5 -0.00292209718999
133.0 -0.00284346698462
133.5 -0.00297935498337
134.0 -0.00273217603525
134.5 -0.00260859852491
135.0 -0.00248674469403
135.5 -0.00228530970256
136.0 -0.00219295505956
136.5 -0.0020991976059
137.0 -0.00193438764512
137.5 -0.0019491360923
138.0 -0.0017424611691
138.5 -0.0016099613222
139.0 -0.00148356671765
139.5 -0.00135081231235
140.0 -0.00112491946279
140.5 -0.00138020587882
141.0 -0.00120005822494
141.5 -0.00115960207838
142.0 -0.000836076816153
142.5 -0.000868413210066
143.0 -0.000867640269437
143.5 -0.00076776367878
144.0 -0.000722866239913
144.5 -0.000597881974528
145.0 -0.000557139908245
145.5 -0.000492357131465
146.0 -0.000442401598221
146.5 -0.000410212843193
147.0 -0.000349397465936
147.5 -0.000274358898959
148.0 -0.00022307595178
148.5 -0.000129074447025
149.0 -4.28031945455e-05
149.5 -3.42598571656e-05
150.0 -2.34498697052e-05
150.5 8.40689390778e-05
151.0 0.000325461301398
151.5 0.000259095810096
152.0 0.000245220428912
152.5 0.000207690809834
153.0 0.000249573751004
153.5 0.000369298391545
154.0 0.000497273975231
154.5 0.000625982096766
155.0 0.000729446246051
155.5 0.000849520791329
156.0 0.00107648941643
156.5 0.00103999666066
157.0 0.00105727801385
157.5 0.00109245962865
158.0 0.0011102683191
158.5 0.00122207981948
159.0 0.00128226876024
159.5 0.00130675771435
160.0 0.00137965962719
160.5 0.00144257060259
161.0 0.00148124294325
161.5 0.00138649001017
162.0 0.00159341389912
162.5 0.00184752323177
163.0 0.00181098703791
163.5 0.00176299079854
164.0 0.00193615600731
164.5 0.00207422854401
165.0 0.00227368446824
165.5 0.00233530344035
166.0 0.00233360937479
166.5 0.00260843065161
167.0 0.00267285756832
167.5 0.00291206160539
168.0 0.00316413478643
168.5 0.00341777490224
169.0 0.00361677547056
169.5 0.0036622058491
170.0 0.00328394526853
170.5 0.00356420322626
171.0 0.00395056430824
171.5 0.00424903112201
172.0 0.00439359892771
172.5 0.00427350568205
173.0 0.00445951503426
173.5 0.00493862545446
174.0 0.00528567249442
174.5 0.00519049397968
175.0 0.00435506429494
175.5 0.00417697222409
176.0 0.00438306502488
176.5 0.00481489809339
177.0 0.00513052123429
177.5 0.00557882316264
178.0 0.00521647641655
178.5 0.0019787551263
179.0 -0.00061735933194
179.5 -0.00389770634781
180.0 -0.00646608123971
180.5 -0.00755700297906
181.0 -0.00187696201192
181.5 0.00121108571007
182.0 0.00123992036201
182.5 0.00330037858183
183.0 0.00245338286545
183.5 0.00212455686841
184.0 0.00150104279582
184.5 0.00132780103363
185.0 0.00136438528814
185.5 0.00117927054282
186.0 0.00131375599888
186.5 0.00131621223927
187.0 0.001108060384
187.5 0.000870110005749
188.0 0.000531092929208
188.5 0.000390936918279
189.0 0.00032441369558
189.5 -0.000142001594824
190.0 -0.000519589167951
190.5 -0.00100423220977
191.0 -0.00118908941597
191.5 -0.00160831012533
192.0 -0.00209703052737
192.5 -0.00243714775527
193.0 -0.00302338930831
193.5 -0.00360283738971
194.0 -0.00442499029397
194.5 -0.0055502091288
195.0 -0.00625761264457
195.5 -0.00759180804731
196.0 -0.0096459415754
196.5 -0.0113383201986
197.0 -0.0136643673417
197.5 -0.016169134932
198.0 -0.0219062831422
198.5 -0.0293528744241
199.0 -0.0441746095851
199.5 -0.0691650997558
