0.0 -0.00632042492403
0.5 0.0100849807956
1.0 -0.000640342480253
1.5 -0.00601783281346
2.0 -0.00939266411659
2.5 -0.0122207236585
3.0 -0.0141134373898
3.5 -0.0160736757871
4.0 -0.0173485557408
4.5 -0.0185922510675
5.0 -0.0197969463382
5.5 -0.0207415302675
6.0 -0.0216552449394
6.5 -0.0225877996827
7.0 -0.0233285423809
7.5 -0.0239433047599
8.0 -0.0244840590058
8.5 -0.0250040289056
9.0 -0.0254250231314
9.5 -0.0258202695946
10.0 -0.0261877410879
10.5 -0.0264317386897
11.0 -0.02664211018
11.5 -0.0268937624357
12.0 -0.0270270289861
12.5 -0.0270963624218
13.0 -0.0271420558883
13.5 -0.0271440338616
14.0 -0.027103268659
14.5 -0.0270160061961
15.0 -0.0268905265164
15.5 -0.026753595141
16.0 -0.0265501080216
16.5 -0.0263411649636
17.0 -0.026116031835
17.5 -0.0258554919756
18.0 -0.0255576530468
18.5 -0.0252598119164
19.0 -0.0249198150342
19.5 -0.0245713629808
20.0 -0.0242001410669
20.5 -0.023813467842
21.0 -0.0233936169502
21.5 -0.0229724719837
22.0 -0.0225745474661
22.5 -0.022138323094
23.0 -0.0217208719104
23.5 -0.0212774426972
24.0 -0.0208347917925
24.5 -0.0204112967272
25.0 -0.0199482950499
25.5 -0.019486544346
26.0 -0.0190290263928
26.5 -0.0185639889042
27.0 -0.0181047210601
27.5 -0.0176473108369
28.0 -0.0172124698317
28.5 -0.0167818524481
29.0 -0.0163407112098
29.5 -0.015905565604
30.0 -0.0154659690223
30.5 -0.0150388270556
31.0 -0.0146208486402
31.5 -0.0141956559093
32.0 -0.0137796120599
32.5 -0.0133660484132
33.0 -0.0129650664962
33.5 -0.012583884687
34.0 -0.0121820022206
34.5 -0.0118215981845
35.0 -0.011455481642
35.5 -0.0110911932255
36.0 -0.0107395022709
36.5 -0.0103873286227
37.0 -0.0100386791208
37.5 -0.00970697961613
38.0 -0.00938697948146
38.5 -0.00905201678179
39.0 -0.00873482719759
39.5 -0.00844381540572
40.0 -0.00813407120674
40.5 -0.00785786291942
41.0 -0.00756967468837
41.5 -0.00730050313384
42.0 -0.00703846695259
42.5 -0.00677315932434
43.0 -0.00651080516185
43.5 -0.00626322543671
44.0 -0.00603203918899
44.5 -0.00578165291184
45.0 -0.00556157990953
45.5 -0.0053370744593
46.0 -0.00511071621666
46.5 -0.0049093682753
47.0 -0.00470918139388
47.5 -0.00450798958817
48.0 -0.00433797700413
48.5 -0.00415032827814
49.0 -0.00396804047441
49.5 -0.00381310914765
50.0 -0.00361495041596
50.5 -0.00345856309348
51.0 -0.0033053646885
51.5 -0.00315099414737
52.0 -0.00302771894526
52.5 -0.00288502283763
53.0 -0.00275304307721
53.5 -0.00262933808851
54.0 -0.00250312990057
54.5 -0.00237417967455
55.0 -0.00223945785852
55.5 -0.00212116801544
56.0 -0.00202999804537
56.5 -0.00191082471178
57.0 -0.00182256163005
57.5 -0.00170879674567
58.0 -0.00161608069981
58.5 -0.00154582499673
59.0 -0.00145534029819
59.5 -0.00138226771625
60.0 -0.00130084933792
60.5 -0.00119529438503
61.0 -0.00111411023918
61.5 -0.00104606258083
62.0 -0.000982914698547
62.5 -0.00090109846642
63.0 -0.000823826887538
63.5 -0.000783222217676
64.0 -0.000736656990567
64.5 -0.000697529423469
65.0 -0.00062822318956
65.5 -0.000580939005991
66.0 -0.000534537957215
66.5 -0.000506868265315
67.0 -0.000409470820234
67.5 -0.000376133192535
68.0 -0.000343048257477
68.5 -0.000313766967064
69.0 -0.000296628757106
69.5 -0.000282013522668
70.0 -0.000253229840142
70.5 -0.000214038013157
71.0 -0.000179067770775
71.5 -0.000155307220366
72.0 -0.000136623206357
72.5 -8.48160927767e-05
73.0 -0.000100606578858
73.5 -0.000114923190369
74.0 -5.67678865213e-05
74.5 -3.84963474893e-05
75.0 -3.03771924841e-05
75.5 -3.34111424856e-05
76.0 -3.80785221754e-05
76.5 -5.39902500325e-05
77.0 -4.20552071478e-05
77.5 -1.43976602729e-06
78.0 -8.47044518437e-06
78.5 2.70685509189e-05
79.0 -1.5612257064e-05
79.5 3.26966139816e-05
80.0 1.4096306078e-06
80.5 -2.17900242969e-05
81.0 5.73730839726e-06
81.5 -2.49428710681e-05
82.0 -2.16609361061e-05
82.5 -3.52559911931e-06
83.0 -5.19393895324e-05
83.5 -5.04891195234e-05
84.0 -2.72114150057e-05
84.5 -8.37661963189e-05
85.0 -0.000127915132513
85.5 -8.77231873453e-05
86.0 -6.35639432893e-05
86.5 -0.000149074008871
87.0 -0.000182058779536
87.5 -0.00022089324554
88.0 -0.00031084700662
88.5 -0.000240868674585
89.0 -0.000197918865776
89.5 -0.000293995345842
90.0 -0.000273881830342
90.5 -0.000303576036718
91.0 -0.00031699222049
91.5 -0.000314492705364
92.0 -0.000350612262558
92.5 -0.000416113767923
93.0 -0.000513876668709
93.5 -0.000547382714302
94.0 -0.000490213887677
94.5 -0.000549843482979
95.0 -0.000582719154369
95.5 -0.00072329181225
96.0 -0.000734327385462
96.5 -0.0007219917042
97.0 -0.000770639301852
97.5 -0.000895487862355
98.0 -0.00090619120251
98.5 -0.000850033234904
99.0 -0.0010059085475
99.5 -0.000959950672517
100.0 -0.000936655090648
100.5 -0.000921444067352
101.0 -0.00112060973498
101.5 -0.00123498935895
102.0 -0.00123051357363
102.5 -0.00131276994452
103.0 -0.00138349960329
103.5 -0.00145775719258
104.0 -0.00154443164822
104.5 -0.00179073001113
105.0 -0.00176407017923
105.5 -0.00183378126405
106.0 -0.00185422485925
106.5 -0.0020189375519
107.0 -0.00225467939818
107.5 -0.00237195179825
108.0 -0.00250917667713
108.5 -0.00270518366055
109.0 -0.00257856023742
109.5 -0.00239469363403
110.0 -0.00261818226756
110.5 -0.00318934494386
111.0 -0.00324090505199
111.5 -0.00340435750001
112.0 -0.00350233411746
112.5 -0.00344127192439
113.0 -0.00331919326725
113.5 -0.00370247940944
114.0 -0.00391757097415
114.5 -0.00334236369464
115.0 -0.00395424813932
115.5 -0.00355372089224
116.0 -0.00392030725925
116.5 -0.00349981520272
117.0 -0.00279437516689
117.5 -0.00295816120595
118.0 -0.00178054248791
118.5 0.000136917732704
119.0 0.00283117714834
119.5 0.00719748229082
120.0 0.00375166223657
120.5 -0.000721829816996
121.0 -0.00393964522924
121.5 -0.00554821945491
122.0 -0.00962722197458
122.5 -0.00899159127385
123.0 -0.00770277484585
123.5 -0.00654721538737
124.0 -0.00590830231853
124.5 -0.00554123698961
125.0 -0.00556036148917
125.5 -0.0053849893788
126.0 -0.00537429859732
126.5 -0.00551191071914
127.0 -0.00542783367351
127.5 -0.00499291171519
128.0 -0.00507554390545
128.5 -0.00555436391279
129.0 -0.00490835510398
129.5 -0.00429952453495
130.0 -0.00381990275326
130.5 -0.00438025301682
131.0 -0.00412516805417
131.5 -0.00374457424886
132.0 -0.00354606209277
132.5 -0.00329176572417
133.0 -0.00288270617025
133.5 -0.00285975365725
134.0 -0.00306472219813
134.5 -0.00275373344425
135.0 -0.00255715244715
135.5 -0.00230334107619
136.0 -0.00203013235761
136.5 -0.00228027014601
137.0 -0.00214546041947
137.5 -0.00202969833614
138.0 -0.00168550115596
138.5 -0.00162554039666
139.0 -0.00175362462154
139.5 -0.0015990859664
140.0 -0.00147468192093
140.5 -0.00139218052378
141.0 -0.0012596762688
141.5 -0.00127719161772
142.0 -0.00113982506381
142.5 -0.00103604173749
143.0 -0.000847903734888
143.5 -0.000683917357808
144.0 -0.000615032049563
144.5 -0.000687365173398
145.0 -0.000559098608345
145.5 -0.000270682396049
146.0 -0.000423433830767
146.5 -0.000388418883949
147.0 -0.00030886458175
147.5 -0.000233468366674
148.0 -0.000192132608689
148.5 -0.000123736356223
149.0 -4.06870370869e-05
149.5 8.33722531409e-05
150.0 0.000305606575883
150.5 0.000181605014582
151.0 0.000228181999659
151.5 0.000267049529859
152.0 0.000278797271806
152.5 0.000348533796499
153.0 0.000560027058555
153.5 0.000689763882766
154.0 0.000656381988103
154.5 0.000686875693166
155.0 0.00068988539058
155.5 0.00066528663357
156.0 0.000811801681326
156.5 0.000991058883514
157.0 0.00123521120713
157.5 0.00123691539078
158.0 0.00111220665943
158.5 0.00119391701311
159.0 0.00133854919775
159.5 0.00142739100935
160.0 0.00158914393475
160.5 0.00169737002966
161.0 0.0017810886213
161.5 0.00190129098513
162.0 0.0020611843939
162.5 0.00225311826745
163.0 0.00234199028888
163.5 0.00225359263553
164.0 0.00214826097752
164.5 0.00236010339168
165.0 0.00268149972222
165.5 0.00283070083722
166.0 0.00248027427463
166.5 0.00284117891162
167.0 0.00301815107923
167.5 0.00334678743779
168.0 0.00336572580662
168.5 0.00338508091678
169.0 0.00368760921601
169.5 0.00398598926437
170.0 0.00435061852213
170.5 0.0044534547423
171.0 0.00457716247837
171.5 0.00497458208436
172.0 0.0046502523351
172.5 0.00504799098321
173.0 0.00558136874217
173.5 0.00611285477754
174.0 0.00656973769526
174.5 0.00657800749684
175.0 0.00582744175095
175.5 0.0056895900335
176.0 0.00596211762276
176.5 0.00672098213654
177.0 0.00778055434405
177.5 0.0065582584396
178.0 0.00407270548588
178.5 0.00268496457359
179.0 0.000458593686488
179.5 -0.00197268499069
180.0 -0.00316150686071
180.5 -0.00706884375305
181.0 -0.00652317526638
181.5 -0.00157208025989
182.0 0.00121531511614
182.5 0.00204939260803
183.0 0.00203230305118
183.5 0.00159161579766
184.0 0.00120236191283
184.5 0.00159732354163
185.0 0.00126157623995
185.5 0.000997285908454
186.0 0.00107063575761
186.5 0.000963015714049
187.0 0.000781396325294
187.5 0.000434391663276
188.0 0.00029356928664
188.5 0.000193012321475
189.0 -0.000140154002466
189.5 -0.000443551133017
190.0 -0.000671781150061
190.5 -0.00117749692863
191.0 -0.00144461610718
191.5 -0.00181213229911
192.0 -0.00234376976213
192.5 -0.00272147886781
193.0 -0.00329460193537
193.5 -0.0036389645705
194.0 -0.00451655514888
194.5 -0.00565863013115
195.0 -0.00649024536482
195.5 -0.00810627442227
196.0 -0.00954315183968
196.5 -0.0113745785695
197.0 -0.013765393959
197.5 -0.0163242208416
198.0 -0.0220409704096
198.5 -0.0292095571896
199.0 -0.0442307979111
199.5 -0.0695003737548
