0.0 -0.00653708932747
0.5 0.00902813699524
1.0 -0.000917982195086
1.5 -0.00580487824772
2.0 -0.00911710768024
2.5 -0.0123523546296
3.0 -0.0145506573275
3.5 -0.0160483336735
4.0 -0.0174955327934
4.5 -0.018832105988
5.0 -0.0204573417091
5.5 -0.021492305263
6.0 -0.0224751914751
6.5 -0.0233909656705
7.0 -0.0241881142339
7.5 -0.0249469978363
8.0 -0.0255900617432
8.5 -0.026207996646
9.0 -0.0267288710759
9.5 -0.0272111174508
10.0 -0.0276524861797
10.5 -0.0279771052585
11.0 -0.0282838796844
11.5 -0.0285273550327
12.0 -0.0286987476381
12.5 -0.0288717563186
13.0 -0.029030936314
13.5 -0.0290299341657
14.0 -0.0290028116161
14.5 -0.0289151578603
15.0 -0.0288938189545
15.5 -0.0287598106958
16.0 -0.0285448147245
16.5 -0.0283157638419
17.0 -0.0280741310212
17.5 -0.027818465636
18.0 -0.027504642378
18.5 -0.0271917418381
19.0 -0.0268316608511
19.5 -0.0264564692862
20.0 -0.026046041518
20.5 -0.0256159959832
21.0 -0.0252039690043
21.5 -0.0247605919836
22.0 -0.0242971579986
22.5 -0.0238030366616
23.0 -0.0233224342027
23.5 -0.0228736234521
24.0 -0.0223939283421
24.5 -0.0219012338561
25.0 -0.0213774434504
25.5 -0.0208720093812
26.0 -0.0203697393488
26.5 -0.0198467659402
27.0 -0.0193390512141
27.5 -0.0188457460368
28.0 -0.018321611684
28.5 -0.017830110508
29.0 -0.0173415308811
29.5 -0.0168695006719
30.0 -0.0163892722908
30.5 -0.0159238926933
31.0 -0.0154517828732
31.5 -0.0149731831646
32.0 -0.0145171151399
32.5 -0.0140513730525
33.0 -0.0136015952296
33.5 -0.0131680619341
34.0 -0.0127511315626
34.5 -0.0123387572463
35.0 -0.0119275745102
35.5 -0.0115253590832
36.0 -0.0111429293291
36.5 -0.0107522557856
37.0 -0.0103626767417
37.5 -0.00999672197761
38.0 -0.00964132060757
38.5 -0.0092752236837
39.0 -0.00893666627609
39.5 -0.00862608112849
40.0 -0.00829574521919
40.5 -0.00799315367081
41.0 -0.00767568030505
41.5 -0.00737536663089
42.0 -0.00708019733551
42.5 -0.00679467282082
43.0 -0.00652184866598
43.5 -0.00624842417159
44.0 -0.00599284594234
44.5 -0.00575406893207
45.0 -0.00548849626118
45.5 -0.00526385912633
46.0 -0.00503297346821
46.5 -0.00481739576734
47.0 -0.00460647718319
47.5 -0.00438543759784
48.0 -0.00418817410713
48.5 -0.0039830955663
49.0 -0.00379596400033
49.5 -0.00364377399213
50.0 -0.0034414674627
50.5 -0.00327520851489
51.0 -0.00312067381185
51.5 -0.00293733017377
52.0 -0.00279441170833
52.5 -0.00264928260929
53.0 -0.00252454169074
53.5 -0.00238125163023
54.0 -0.00225864321523
54.5 -0.00214686343076
55.0 -0.00199348517123
55.5 -0.00186559967368
56.0 -0.00175332075561
56.5 -0.00164287730885
57.0 -0.00154413644423
57.5 -0.00143029478183
58.0 -0.00135198780463
58.5 -0.00126226339537
59.0 -0.00116172016467
59.5 -0.00109876770225
60.0 -0.000985371598501
60.5 -0.000910836054565
61.0 -0.000862544785942
61.5 -0.000743876719117
62.0 -0.000669680493708
62.5 -0.00063242043041
63.0 -0.000567699294974
63.5 -0.000507329346558
64.0 -0.000448291483366
64.5 -0.000375724681605
65.0 -0.000359325444945
65.5 -0.000317499291432
66.0 -0.000222247557112
66.5 -0.000190098827231
67.0 -0.000141606828642
67.5 -0.00011622419008
68.0 -7.03037843905e-05
68.5 -2.43494712109e-05
69.0 -1.23612420193e-05
69.5 1.47133671557e-05
70.0 3.00547337559e-05
70.5 5.43682914262e-05
71.0 7.96845501405e-05
71.5 0.00011029513089
72.0 0.000156129839997
72.5 0.000165995891003
73.0 0.000170488937865
73.5 0.00020509545816
74.0 0.000213064747715
74.5 0.000249216264516
75.0 0.000200520839993
75.5 0.000203506494977
76.0 0.000236592871961
76.5 0.000286068812231
77.0 0.000307917483143
77.5 0.000284946095448
78.0 0.000255807746081
78.5 0.00032053851255
79.0 0.000267556895347
79.5 0.00022347608183
80.0 0.00029460953246
80.5 0.000267738345215
81.0 0.00027411947451
81.5 0.000239759016765
82.0 0.000239360239259
82.5 0.00021411514582
83.0 0.000241233782937
83.5 0.000261563070261
84.0 0.000204716503703
84.5 0.000194108943855
85.0 0.000200553116972
85.5 0.00014365850507
86.0 0.000100243331509
86.5 9.50258553871e-05
87.0 9.87149004636e-05
87.5 0.000124136393623
88.0 8.02954621548e-05
88.5 2.3200251313e-05
89.0 2.65860105593e-05
89.5 3.00887943148e-05
90.0 3.90769269636e-05
90.5 -0.000148806893257
91.0 -0.000149616039657
91.5 -0.000121007984312
92.0 -0.000161095610011
92.5 -0.000185628270877
93.0 -0.000216761717674
93.5 -0.000249803278898
94.0 -0.000224663569824
94.5 -0.000183059934088
95.0 -0.000388968406682
95.5 -0.000407267376289
96.0 -0.000423246416837
96.5 -0.00034124974745
97.0 -0.000535111321728
97.5 -0.000641801635155
98.0 -0.000564643324811
98.5 -0.000570005038426
99.0 -0.000635745398267
99.5 -0.000641284965891
100.0 -0.000833835056078
100.5 -0.000842499943246
101.0 -0.000704092735262
101.5 -0.000824225425099
102.0 -0.00095643497999
102.5 -0.00110824932356
103.0 -0.00119440386181
103.5 -0.00131271103888
104.0 -0.0014334496901
104.5 -0.00145040960598
105.0 -0.00153122576091
105.5 -0.00152385369893
106.0 -0.00136169795864
106.5 -0.00154782254683
107.0 -0.00174133615229
107.5 -0.00186575720762
108.0 -0.00204042075858
108.5 -0.00224417686623
109.0 -0.00227511237436
109.5 -0.00207081962416
110.0 -0.00264625604863
110.5 -0.00235020963438
111.0 -0.00257446453887
111.5 -0.00323096766014
112.0 -0.00317808644801
112.5 -0.00293546641444
113.0 -0.00313572355319
113.5 -0.00352091588979
114.0 -0.0028503044654
114.5 -0.00342112616366
115.0 -0.00328522443577
115.5 -0.00280469431853
116.0 -0.00280665613312
116.5 -0.00280303439942
117.0 -0.00208508226734
117.5 -0.00395212109113
118.0 -0.00336059219534
118.5 -0.00165920115559
119.0 0.000767024372522
119.5 0.00760773090288
120.0 0.00559561960847
120.5 0.00263498373857
121.0 -0.00072573988848
121.5 -0.00531899155018
122.0 -0.00499895226449
122.5 -0.00719939044281
123.0 -0.00573252399731
123.5 -0.00520153576684
124.0 -0.00507290125022
124.5 -0.0049757488148
125.0 -0.00634628939665
125.5 -0.00577916975168
126.0 -0.00561144956717
126.5 -0.00556889506682
127.0 -0.00520075978251
127.5 -0.00539890184888
128.0 -0.0054771230606
128.5 -0.00510727950532
129.0 -0.00449975949973
129.5 -0.00426701381613
130.0 -0.00402209126928
130.5 -0.00387866993333
131.0 -0.00384132961246
131.5 -0.00353929375734
132.0 -0.00339145723898
132.5 -0.00317761064476
133.0 -0.00290847520558
133.5 -0.00274002367438
134.0 -0.00259517996137
134.5 -0.00284191207037
135.0 -0.00262658112619
135.5 -0.00241012143324
136.0 -0.00232177364614
136.5 -0.00221390052546
137.0 -0.00187371220811
137.5 -0.00204720287035
138.0 -0.00197492582139
138.5 -0.00172317017824
139.0 -0.00158765009129
139.5 -0.00173362235863
140.0 -0.00150526719595
140.5 -0.00118240893409
141.0 -0.00131980318174
141.5 -0.00129536444372
142.0 -0.00112464739551
142.5 -0.00111056762796
143.0 -0.0010097198559
143.5 -0.000897475266919
144.0 -0.000780678512221
144.5 -0.000559494157951
145.0 -0.00039903861725
145.5 -0.000586301913869
146.0 -0.000509076967826
146.5 -0.000467382406135
147.0 -0.000416438151106
147.5 -0.000369621240373
148.0 -0.000321053009912
148.5 -0.000246017136674
149.0 -0.000175588461993
149.5 -5.94744273561e-05
150.0 1.80491865839e-05
150.5 9.35659573686e-05
151.0 0.000169243309956
151.5 0.000259888709554
152.0 0.0003473501133
152.5 0.000458402000271
153.0 0.000469337626461
153.5 0.00037043104664
154.0 0.000362113739811
154.5 0.000480253409204
155.0 0.000617240141235
155.5 0.000726910013208
156.0 0.000975373864812
156.5 0.000910377712021
157.0 0.000892897671832
157.5 0.000886441678905
158.0 0.000809217978599
158.5 0.000919004872326
159.0 0.00112542868318
159.5 0.00117115913605
160.0 0.00107955005702
160.5 0.00122496139052
161.0 0.00138717047964
161.5 0.00153343968302
162.0 0.00161650050631
162.5 0.0018363714016
163.0 0.00200326717373
163.5 0.00193711682929
164.0 0.00184772642341
164.5 0.00211951418455
165.0 0.00230555880399
165.5 0.00231295262095
166.0 0.00197001447921
166.5 0.00226145362727
167.0 0.00245282690533
167.5 0.00279300120696
168.0 0.00315497890281
168.5 0.00311534791469
169.0 0.0029256597911
169.5 0.00329704000727
170.0 0.0035981333656
170.5 0.00373035146951
171.0 0.00331776914628
171.5 0.00379099411468
172.0 0.00413271481267
172.5 0.00456807472777
173.0 0.00492622660953
173.5 0.00478049544273
174.0 0.00456952010319
174.5 0.00490556744707
175.0 0.00499203349655
175.5 0.00448003770883
176.0 0.00468826582961
176.5 0.00512291232995
177.0 0.00575595717825
177.5 0.00582632196041
178.0 0.00593071209647
178.5 0.00432925384611
179.0 -0.00249871260938
179.5 -0.00446778560546
180.0 -0.00358442880703
180.5 -0.00539118995728
181.0 -0.00433419019313
181.5 -0.00289976368481
182.0 -0.000176595753516
182.5 0.000798340841342
183.0 0.00110959564687
183.5 0.00135774821545
184.0 0.00115033071778
184.5 0.00111806240253
185.0 0.00108653943465
185.5 0.000727323026084
186.0 0.0015295031904
186.5 0.00133882086473
187.0 0.000987152246438
187.5 0.00103688821326
188.0 0.00084303961367
188.5 0.000535494850993
189.0 0.000368195366008
189.5 0.000201513153286
190.0 -0.000109737308733
190.5 -0.000467290973447
191.0 -0.000705317245547
191.5 -0.0010497054154
192.0 -0.00139965178636
192.5 -0.00163142340912
193.0 -0.00213774933407
193.5 -0.00256786275179
194.0 -0.00343102528197
194.5 -0.00401481919279
195.0 -0.00451877380266
195.5 -0.00639878149794
196.0 -0.00726806176257
196.5 -0.00790770887329
197.0 -0.0102184432182
197.5 -0.0116630719775
198.0 -0.0144341005908
198.5 -0.0191784269979
199.0 -0.029806064855
199.5 -0.0449415360937
