0.0 0.00200497032474
0.5 0.016020094833
1.0 0.0204540591406
1.5 0.0145650111387
2.0 0.00986525301738
2.5 0.00589847104042
3.0 0.00350749363637
3.5 0.00105622167369
4.0 -0.00134917706659
4.5 -0.00360994397705
5.0 -0.00586722996851
5.5 -0.00779644068491
6.0 -0.0097456146178
6.5 -0.0116173951372
7.0 -0.0133120868716
7.5 -0.0150604667295
8.0 -0.0166703439051
8.5 -0.018258446577
9.0 -0.0198882911036
9.5 -0.0213676346432
10.0 -0.0228395593829
10.5 -0.024255444082
11.0 -0.025645067491
11.5 -0.0269456804634
12.0 -0.0282379232299
12.5 -0.0294686312668
13.0 -0.030652383826
13.5 -0.0317872369695
14.0 -0.0329243870157
14.5 -0.033930019856
15.0 -0.0348778705395
15.5 -0.0357859542192
16.0 -0.0366450299048
16.5 -0.0374197975355
17.0 -0.0381326685695
17.5 -0.0388073853091
18.0 -0.0393863101178
18.5 -0.0399025027813
19.0 -0.0403540612277
19.5 -0.0407536387511
20.0 -0.0410601757096
20.5 -0.0412992201046
21.0 -0.0414564552423
21.5 -0.0415466689917
22.0 -0.041594303185
22.5 -0.041542957975
23.0 -0.0414601664525
23.5 -0.0412919103824
24.0 -0.0410722294633
24.5 -0.0408197631733
25.0 -0.0404521545033
25.5 -0.0400724042049
26.0 -0.0396432703212
26.5 -0.0391546047454
27.0 -0.0386175921502
27.5 -0.0380391134437
28.0 -0.0374312026473
28.5 -0.0368155701753
29.0 -0.03614132581
29.5 -0.0354631921768
30.0 -0.0347528556953
30.5 -0.0340062594429
31.0 -0.0332557286657
31.5 -0.0324778178341
32.0 -0.0316820008092
32.5 -0.0308796004239
33.0 -0.0300806377178
33.5 -0.0292935489935
34.0 -0.0284901840245
34.5 -0.0276909448371
35.0 -0.0268904857387
35.5 -0.0261003822636
36.0 -0.0253168768659
36.5 -0.0245290049372
37.0 -0.023739865448
37.5 -0.02297470035
38.0 -0.0222321033466
38.5 -0.0214763967897
39.0 -0.0207485655355
39.5 -0.0200436525925
40.0 -0.0193343613462
40.5 -0.0186586210519
41.0 -0.0179760108913
41.5 -0.0173196299459
42.0 -0.0166832453578
42.5 -0.016054899723
43.0 -0.0154358159542
43.5 -0.0148397000007
44.0 -0.0142761351959
44.5 -0.0137061121542
45.0 -0.0131606270306
45.5 -0.0126334423434
46.0 -0.0121123866451
46.5 -0.0116168130333
47.0 -0.0111424556746
47.5 -0.0106660463732
48.0 -0.0102158375822
48.5 -0.00977785865109
49.0 -0.00937484741434
49.5 -0.00896410680923
50.0 -0.00855603691481
50.5 -0.00818263555151
51.0 -0.00779426311789
51.5 -0.00744852960837
52.0 -0.00711202098844
52.5 -0.00676679765385
53.0 -0.00646014411816
53.5 -0.00616200982577
54.0 -0.00585637607186
54.5 -0.00556360641239
55.0 -0.00528555846422
55.5 -0.00503257607972
56.0 -0.00474818452585
56.5 -0.00449834474903
57.0 -0.00426865483513
57.5 -0.00403767660427
58.0 -0.00384207796796
58.5 -0.003638520606
59.0 -0.00341640629375
59.5 -0.00325370706166
60.0 -0.00308904461728
60.5 -0.00290507040348
61.0 -0.00276550731138
61.5 -0.00254258795171
62.0 -0.00237383416924
62.5 -0.00225242531497
63.0 -0.00213159894815
63.5 -0.00197714896939
64.0 -0.00183277935014
64.5 -0.00170476213776
65.0 -0.00159407737612
65.5 -0.00148119822837
66.0 -0.00133414741276
66.5 -0.00124072427693
67.0 -0.00113081694936
67.5 -0.00105054648613
68.0 -0.000982288270409
68.5 -0.000931440630891
69.0 -0.000829438845368
69.5 -0.000777638861658
70.0 -0.000729935877516
70.5 -0.000577662603499
71.0 -0.000502490832437
71.5 -0.00042342765633
72.0 -0.000345758492278
72.5 -0.000300985648737
73.0 -0.000306541940592
73.5 -0.000263694819012
74.0 -0.000222049290191
74.5 -0.000141803373127
75.0 -0.00012924421978
75.5 -0.000149337858732
76.0 -0.000107011915743
76.5 -7.92701155916e-06
77.0 2.00954611529e-05
77.5 7.93319224357e-06
78.0 5.88987184393e-05
78.5 0.000109853760117
79.0 9.06179555553e-05
79.5 9.9741583826e-05
80.0 0.00010226702358
80.5 0.000115636674154
81.0 0.000155379642399
81.5 0.000110616164871
82.0 0.000155490713162
82.5 0.000207206820075
83.0 0.000157511527998
83.5 0.000172617077034
84.0 0.000221810319214
84.5 0.00015624239634
85.0 0.000182866322021
85.5 0.000149963665745
86.0 0.000139557951876
86.5 5.37169088233e-05
87.0 0.000111820727216
87.5 0.000178896717937
88.0 0.000138721053052
88.5 0.000113610467256
89.0 8.21188010889e-05
89.5 -1.24706082509e-05
90.0 -3.81069430233e-07
90.5 -8.37676674799e-05
91.0 -0.000206869139877
91.5 -0.000117039065962
92.0 -0.00011056232308
92.5 -0.00013201697503
93.0 -0.000123955343067
93.5 -0.000142379062897
94.0 -0.000114776068411
94.5 -0.000216334059317
95.0 -0.000332236971239
95.5 -0.000457136739467
96.0 -0.00044991237154
96.5 -0.000389565734839
97.0 -0.000456219446797
97.5 -0.000542647047347
98.0 -0.00059561609287
98.5 -0.000654829830893
99.0 -0.000700257949678
99.5 -0.000693796886562
100.0 -0.000677078919473
100.5 -0.000714845543733
101.0 -0.00069559559909
101.5 -0.000642537304088
102.0 -0.000904385028036
102.5 -0.00112353540909
103.0 -0.00116610395711
103.5 -0.00130933372542
104.0 -0.00141600895621
104.5 -0.00146702081162
105.0 -0.00162561122474
105.5 -0.00143397433187
106.0 -0.00130782067825
106.5 -0.00179062018145
107.0 -0.00190819723967
107.5 -0.00199793141578
108.0 -0.00214728409673
108.5 -0.00232802002808
109.0 -0.00258105368463
109.5 -0.00250771582716
110.0 -0.00265035004909
110.5 -0.00203998714881
111.0 -0.00282906107493
111.5 -0.00324812943713
112.0 -0.00302354550189
112.5 -0.00328822157641
113.0 -0.00363534509067
113.5 -0.00377136652661
114.0 -0.00385127716216
114.5 -0.00431418155803
115.0 -0.00454223356988
115.5 -0.00368400979097
116.0 -0.0044035266682
116.5 -0.00477727934327
117.0 -0.00496969583449
117.5 -0.00631739098456
118.0 -0.00408456576439
118.5 -0.00288794832812
119.0 -0.000746592151231
119.5 0.00666060809901
120.0 0.00784815047807
120.5 0.00657264487617
121.0 0.00171184603904
121.5 -0.00427219264641
122.0 -0.00774082405407
122.5 -0.00693064711251
123.0 -0.00575067542493
123.5 -0.0054076687591
124.0 -0.00610136790917
124.5 -0.00541184515347
125.0 -0.0052621159046
125.5 -0.00497976021474
126.0 -0.00488841244719
126.5 -0.00488705164587
127.0 -0.00467707999329
127.5 -0.0041915456468
128.0 -0.00429547649108
128.5 -0.00473736053277
129.0 -0.00407329526538
129.5 -0.0038091944578
130.0 -0.00350938878746
130.5 -0.0032443695864
131.0 -0.00296158856897
131.5 -0.00316883899296
132.0 -0.00312912299975
132.5 -0.0028756635946
133.0 -0.00251190744631
133.5 -0.00229923707126
134.0 -0.00217164172111
134.5 -0.00246646582183
135.0 -0.00230627342559
135.5 -0.00208394751226
136.0 -0.00193040120452
136.5 -0.00186933667777
137.0 -0.00171641108124
137.5 -0.00169812718508
138.0 -0.00153492775586
138.5 -0.00145869845972
139.0 -0.00136962361007
139.5 -0.00117135105579
140.0 -0.000942341296639
140.5 -0.00120744871755
141.0 -0.00104457534175
141.5 -0.00103685837925
142.0 -0.000907876262001
142.5 -0.000918461642186
143.0 -0.000864112297462
143.5 -0.000798605435346
144.0 -0.000712615407025
144.5 -0.00057412975633
145.0 -0.000522450696859
145.5 -0.00042952416563
146.0 -0.000280576039939
146.5 -0.000490042233126
147.0 -0.000505455738069
147.5 -0.000399322943833
148.0 -0.000252500848518
148.5 -0.00012456322428
149.0 -0.000100141899755
149.5 -4.22698359561e-05
150.0 2.37912812282e-05
150.5 0.000102731629106
151.0 0.000249307223901
151.5 0.000103376353496
152.0 9.73092269225e-05
152.5 0.000159821099443
153.0 0.000259882276968
153.5 0.000349974038045
154.0 0.000430548031149
154.5 0.000504974713111
155.0 0.000587843702727
155.5 0.000739079036045
156.0 0.00058930433546
156.5 0.000621296296828
157.0 0.000741336651945
157.5 0.000849108250808
158.0 0.000940849632229
158.5 0.0011209258125
159.0 0.00116985435867
159.5 0.00104863277252
160.0 0.000970761385574
160.5 0.00119864277169
161.0 0.00135004410792
161.5 0.00133133838989
162.0 0.00132510069838
162.5 0.00125492587574
163.0 0.00132713254002
163.5 0.00150510495087
164.0 0.00160568353925
164.5 0.00170143137163
165.0 0.00184659936406
165.5 0.0019107742653
166.0 0.00188501319619
166.5 0.00208851601311
167.0 0.00220007086209
167.5 0.0025041204611
168.0 0.0027331952034
168.5 0.00261089117461
169.0 0.00248151363866
169.5 0.00285839183628
170.0 0.00295349720378
170.5 0.00292598768782
171.0 0.00306876949001
171.5 0.00317617374078
172.0 0.00343145010483
172.5 0.0033682324113
173.0 0.00342328377147
173.5 0.00385036419485
174.0 0.00404733734763
174.5 0.00413930193032
175.0 0.00425803655222
175.5 0.0037727543255
176.0 0.00391287237608
176.5 0.0043207719518
177.0 0.00475888435641
177.5 0.00545513918571
178.0 0.00461264711008
178.5 0.00153598317569
179.0 -0.00247683509988
179.5 -0.00553220698556
180.0 -0.00530874012354
180.5 -0.00487645172929
181.0 -0.00183320748052
181.5 0.000596112580553
182.0 0.0022673661888
182.5 0.00273517712168
183.0 0.00273157438546
183.5 0.00233664676328
184.0 0.00205971196198
184.5 0.00237114881844
185.0 0.00186164309557
185.5 0.0014947562708
186.0 0.00154765788639
186.5 0.00142350264015
187.0 0.00124482671828
187.5 0.00124149352833
188.0 0.00105055707512
188.5 0.000816506912898
189.0 0.000561612976981
189.5 0.000335218119659
190.0 0.000176700001234
190.5 -0.00027503893287
191.0 -0.000531432041541
191.5 -0.000808233254787
192.0 -0.00113445077575
192.5 -0.00135955075031
193.0 -0.00191396368734
193.5 -0.0021198189291
194.0 -0.00281586841834
194.5 -0.00382840340531
195.0 -0.00447874702658
195.5 -0.00592473419523
196.0 -0.00700911547511
196.5 -0.00825502414389
197.0 -0.00951178232236
197.5 -0.0100220762747
198.0 -0.0144199054906
198.5 -0.0201393044215
199.0 -0.0297155447655
199.5 -0.0443114264605
