0.0 -0.00659824844572
0.5 0.01053326087
1.0 0.000205301869874
1.5 -0.00498208855963
2.0 -0.00818226565207
2.5 -0.0109341915562
3.0 -0.0126195670505
3.5 -0.014356724115
4.0 -0.0154374363003
4.5 -0.0164498860306
5.0 -0.0175330663251
5.5 -0.0183680724064
6.0 -0.0191448504539
6.5 -0.0199792311081
7.0 -0.0205776481072
7.5 -0.0211132876807
8.0 -0.0215548163916
8.5 -0.0219685208735
9.0 -0.0223082995254
9.5 -0.0226329320453
10.0 -0.0229341223409
10.5 -0.0231520506945
11.0 -0.0233244031926
11.5 -0.0235339641075
12.0 -0.0236784999532
12.5 -0.0237069927901
13.0 -0.0237269296756
13.5 -0.0237236032651
14.0 -0.0236891920664
14.5 -0.0237114180576
15.0 -0.0235870985174
15.5 -0.0234847189466
16.0 -0.023344781051
16.5 -0.0231434573649
17.0 -0.0229842149403
17.5 -0.0228377351771
18.0 -0.0226082701894
18.5 -0.0223782386357
19.0 -0.022132197864
19.5 -0.0218724595721
20.0 -0.0216331878127
20.5 -0.0213416015798
21.0 -0.0210370280279
21.5 -0.0207106270826
22.0 -0.0203930003385
22.5 -0.0200619989717
23.0 -0.0197554294142
23.5 -0.0194163502616
24.0 -0.0190792985488
24.5 -0.0187618520502
25.0 -0.0183958817463
25.5 -0.0180591201037
26.0 -0.017711266637
26.5 -0.0173571050028
27.0 -0.0170148875192
27.5 -0.0166407710865
28.0 -0.016281271678
28.5 -0.0159451145447
29.0 -0.0155752491563
29.5 -0.0152589908129
30.0 -0.0148968408028
30.5 -0.0145430454414
31.0 -0.0142082572988
31.5 -0.0138592268932
32.0 -0.013505008722
32.5 -0.0131666082754
33.0 -0.0128479247965
33.5 -0.0125361496393
34.0 -0.0121987798968
34.5 -0.0118945113318
35.0 -0.0115815630036
35.5 -0.0112665448926
36.0 -0.0109572463023
36.5 -0.0106559907187
37.0 -0.0103650236433
37.5 -0.010075325758
38.0 -0.00977621079795
38.5 -0.00949252814068
39.0 -0.00921666102254
39.5 -0.00895148507779
40.0 -0.00868230696961
40.5 -0.00841860500673
41.0 -0.0081663287634
41.5 -0.00793392316251
42.0 -0.00768022299116
42.5 -0.00742288644811
43.0 -0.00718593472905
43.5 -0.00695572855503
44.0 -0.006750141066
44.5 -0.00651806988748
45.0 -0.00629143964879
45.5 -0.00608775104047
46.0 -0.00588410392051
46.5 -0.00569876106044
47.0 -0.00550492761788
47.5 -0.0053052377547
48.0 -0.00514172764994
48.5 -0.00496382841347
49.0 -0.00478286163605
49.5 -0.00461964717666
50.0 -0.00443947005395
50.5 -0.00428546955612
51.0 -0.0041374671289
51.5 -0.00398010291918
52.0 -0.00384676720061
52.5 -0.0036840016127
53.0 -0.00355242785575
53.5 -0.00342568678771
54.0 -0.00329015210324
54.5 -0.00317849773129
55.0 -0.00302737545728
55.5 -0.00290069014497
56.0 -0.00280558657636
56.5 -0.0026799990044
57.0 -0.00258944694957
57.5 -0.00249409286215
58.0 -0.00239459201097
58.5 -0.00230158054166
59.0 -0.00220253057772
59.5 -0.00211477896884
60.0 -0.00199087116675
60.5 -0.00192818121504
61.0 -0.00184067222268
61.5 -0.00176253801874
62.0 -0.00166644872642
62.5 -0.00160130552764
63.0 -0.00153927494502
63.5 -0.00147158804947
64.0 -0.00140314402462
64.5 -0.00134974494609
65.0 -0.00129640436309
65.5 -0.00124870855348
66.0 -0.00116467045775
66.5 -0.00111162409228
67.0 -0.00105337865626
67.5 -0.000979156978868
68.0 -0.00094680538313
68.5 -0.000933963480334
69.0 -0.000919393541864
69.5 -0.000826557691495
70.0 -0.000799116815847
70.5 -0.000816794504294
71.0 -0.000699174821522
71.5 -0.000685240997228
72.0 -0.000658114531259
72.5 -0.000624145199584
73.0 -0.000624501314375
73.5 -0.000618874201692
74.0 -0.000633051948297
74.5 -0.000569735198289
75.0 -0.000540404494915
75.5 -0.000530371196117
76.0 -0.000527193763023
76.5 -0.00046865014353
77.0 -0.000448535310612
77.5 -0.000464389358983
78.0 -0.000471120370687
78.5 -0.000469368511743
79.0 -0.000375312828472
79.5 -0.000424710363751
80.0 -0.000514241047682
80.5 -0.000407698193507
81.0 -0.000390756041538
81.5 -0.00044635665126
82.0 -0.000424486250004
82.5 -0.000429904503051
83.0 -0.000414994307558
83.5 -0.000413423526414
84.0 -0.000468241096403
84.5 -0.000427095127794
85.0 -0.000461353938501
85.5 -0.000437552901523
86.0 -0.000464977104158
86.5 -0.000490383855283
87.0 -0.000537967266723
87.5 -0.000487799952694
88.0 -0.000464379810172
88.5 -0.000478183941208
89.0 -0.00054977510425
89.5 -0.000600843522147
90.0 -0.000606187888948
90.5 -0.000588522904501
91.0 -0.000615983129883
91.5 -0.000677337110993
92.0 -0.000682128473159
92.5 -0.000662518080599
93.0 -0.000726806412118
93.5 -0.000780950880426
94.0 -0.00066535891721
94.5 -0.000755610702321
95.0 -0.000821839575295
95.5 -0.000998962161894
96.0 -0.000989477141491
96.5 -0.000977447458595
97.0 -0.000975314933005
97.5 -0.00102001269608
98.0 -0.00100129786379
98.5 -0.000975342590088
99.0 -0.00114564317185
99.5 -0.00118284677466
100.0 -0.00112064405494
100.5 -0.00135556038148
101.0 -0.00139229417436
101.5 -0.00127644138114
102.0 -0.00138596582384
102.5 -0.00155820055242
103.0 -0.0015937225203
103.5 -0.00173967689299
104.0 -0.00185448404834
104.5 -0.00157973734255
105.0 -0.001918499948
105.5 -0.00198689367362
106.0 -0.00179691603554
106.5 -0.00199654979851
107.0 -0.00221469445405
107.5 -0.00238387921556
108.0 -0.00247518674755
108.5 -0.00258699501234
109.0 -0.00279025908529
109.5 -0.00275417728277
110.0 -0.00289621431039
110.5 -0.00295139981878
111.0 -0.00326297392862
111.5 -0.00358484347303
112.0 -0.00349468495419
112.5 -0.00371740489587
113.0 -0.00394417421859
113.5 -0.00412074947849
114.0 -0.00407072733938
114.5 -0.00421842813317
115.0 -0.00424980350566
115.5 -0.00418311637546
116.0 -0.00425919397149
116.5 -0.00427247372008
117.0 -0.00400901576447
117.5 -0.00333695687709
118.0 -0.00254965302531
118.5 -0.000209643479366
119.0 0.00234868957807
119.5 0.00611891558408
120.0 0.00312249416258
120.5 0.00194567904327
121.0 0.000186217440856
121.5 -0.00301435361678
122.0 -0.00648819104623
122.5 -0.00774340131052
123.0 -0.0058032287936
123.5 -0.00522856815365
124.0 -0.0053401491535
124.5 -0.00625089801586
125.0 -0.00583557922687
125.5 -0.00536482502021
126.0 -0.00492736387831
126.5 -0.00589218079983
127.0 -0.00578298391281
127.5 -0.00527264334441
128.0 -0.0048657477309
128.5 -0.00480836674589
129.0 -0.00490819780088
129.5 -0.00440116587812
130.0 -0.00408874629206
130.5 -0.00391126813226
131.0 -0.00383844747469
131.5 -0.00352524385511
132.0 -0.00341784233579
132.5 -0.00327071264791
133.0 -0.00298447241097
133.5 -0.00286785067619
134.0 -0.0027415301886
134.5 -0.002636611659
135.0 -0.00251677691423
135.5 -0.00232151361638
136.0 -0.00223843788446
136.5 -0.00215543845238
137.0 -0.00199424796881
137.5 -0.00201498786994
138.0 -0.00186646136024
138.5 -0.00175187316943
139.0 -0.00156411755447
139.5 -0.00133829926112
140.0 -0.00157226639458
140.5 -0.0014106887002
141.0 -0.00122776232399
141.5 -0.00120515629635
142.0 -0.00106786870894
142.5 -0.00104386861138
143.0 -0.000929900803079
143.5 -0.000862053725671
144.0 -0.000850759972652
144.5 -0.000732535910631
145.0 -0.000696606728041
145.5 -0.000626753695434
146.0 -0.000581973406189
146.5 -0.000545384868655
147.0 -0.000476925024891
147.5 -0.000401053276175
148.0 -0.000348673536475
148.5 -0.000241639662965
149.0 -0.000127532315091
149.5 -8.87354161804e-05
150.0 -5.76589762514e-05
150.5 -5.17657661567e-05
151.0 7.86622072688e-05
151.5 0.000328383481084
152.0 0.000322273875605
152.5 0.000301144647262
153.0 0.000366353771625
153.5 0.000429779524994
154.0 0.000488941806838
154.5 0.000534149888484
155.0 0.00056350801678
155.5 0.000600384955955
156.0 0.000584468728437
156.5 0.0007159112583
157.0 0.000959496051859
157.5 0.00100081642579
158.0 0.000925125959274
158.5 0.000919771166544
159.0 0.000919194243409
159.5 0.00111341024966
160.0 0.00132275886624
160.5 0.0014628217716
161.0 0.00141762727414
161.5 0.00141623447475
162.0 0.00129565405592
162.5 0.00144521614185
163.0 0.00166804139159
163.5 0.00180980486165
164.0 0.00187547396491
164.5 0.00192624215414
165.0 0.00209823460401
165.5 0.002168586857
166.0 0.0021774931426
166.5 0.00233743599688
167.0 0.0024534421121
167.5 0.00274819219395
168.0 0.0030016154663
168.5 0.00324023824922
169.0 0.00340237992051
169.5 0.00350077016459
170.0 0.00361463995137
170.5 0.0036494699107
171.0 0.00381996356239
171.5 0.00350487640527
172.0 0.00381449100915
172.5 0.00441147796913
173.0 0.0047956910249
173.5 0.00517537313642
174.0 0.00542777874075
174.5 0.0054389391636
175.0 0.0048946942691
175.5 0.00508127903224
176.0 0.0057428682655
176.5 0.00706870088456
177.0 0.00866054567392
177.5 0.00815323396097
178.0 0.00708186826796
178.5 0.00633087538446
179.0 0.00350968575772
179.5 -0.000750236613101
180.0 -0.00389312602888
180.5 -0.00718445592179
181.0 -0.00538992317036
181.5 -0.00362384474029
182.0 -0.00172485208093
182.5 -0.000355053672422
183.0 -0.000276718792804
183.5 0.000192083416195
184.0 0.000167325059707
184.5 0.000279475209709
185.0 0.000466371302693
185.5 0.000385846629669
186.0 0.00055578089983
186.5 0.000559730438823
187.0 0.000408349232643
187.5 0.0001973616437
188.0 -4.52972595752e-05
188.5 -0.000248163589887
189.0 -0.000447106168096
189.5 -0.000822156573605
190.0 -0.00115435746561
190.5 -0.00149419728115
191.0 -0.00170150878225
191.5 -0.00202598335402
192.0 -0.00254366820369
192.5 -0.00294390602518
193.0 -0.00358479215959
193.5 -0.00412326215086
194.0 -0.0049112801929
194.5 -0.0057384475719
195.0 -0.00663181167285
195.5 -0.00791785904983
196.0 -0.00996060705452
196.5 -0.011674304097
197.0 -0.0140299208415
197.5 -0.0165563785997
198.0 -0.0223470472036
198.5 -0.0300753680434
199.0 -0.0452913159667
199.5 -0.0704263777074
