0.0 -0.000775417618941
0.5 0.0124594912215
1.0 0.0152790522452
1.5 0.0095011699792
2.0 0.00537644484991
2.5 0.00212485154875
3.0 -0.000409498974932
3.5 -0.00283332290059
4.0 -0.00507314027052
4.5 -0.00747785852367
5.0 -0.00944441036356
5.5 -0.0112208317158
6.0 -0.0130331063848
6.5 -0.0147640568588
7.0 -0.0163624702192
7.5 -0.0179774450702
8.0 -0.0194848470872
8.5 -0.020971523866
9.0 -0.0223712691761
9.5 -0.0238676060607
10.0 -0.0252060770917
10.5 -0.0264570175145
11.0 -0.0276990570332
11.5 -0.0289019148034
12.0 -0.0300074901754
12.5 -0.0310964883311
13.0 -0.0321394939496
13.5 -0.0330972390277
14.0 -0.0340196251982
14.5 -0.03487455838
15.0 -0.0356361146817
15.5 -0.0363631023295
16.0 -0.037008210792
16.5 -0.0376199617234
17.0 -0.0381553213693
17.5 -0.0386080530095
18.0 -0.0390168606856
18.5 -0.0393227088945
19.0 -0.0395623722087
19.5 -0.0397906992491
20.0 -0.039895415971
20.5 -0.0399349393527
21.0 -0.0398928318413
21.5 -0.0398099189085
22.0 -0.0396848709764
22.5 -0.0394707644168
23.0 -0.0392508980397
23.5 -0.0389463222808
24.0 -0.0385885641898
24.5 -0.0382057447222
25.0 -0.0377332270234
25.5 -0.0372176632004
26.0 -0.0366999049988
26.5 -0.0361304967341
27.0 -0.035530476597
27.5 -0.0348928845003
28.0 -0.0342364807139
28.5 -0.0335761240231
29.0 -0.0328638789193
29.5 -0.0321470528362
30.0 -0.0313917473411
30.5 -0.0306596705098
31.0 -0.02990899783
31.5 -0.0291365537338
32.0 -0.0283704942876
32.5 -0.0276080790823
33.0 -0.0268465708462
33.5 -0.0260762713574
34.0 -0.0253016778517
34.5 -0.0245535600118
35.0 -0.0238054472971
35.5 -0.0230595448452
36.0 -0.0223183176252
36.5 -0.0215998561741
37.0 -0.0208971176614
37.5 -0.0202009302377
38.0 -0.0195062126074
38.5 -0.0188177460002
39.0 -0.0181537527796
39.5 -0.0175150008594
40.0 -0.0168915980794
40.5 -0.016253658203
41.0 -0.0156456151621
41.5 -0.0150716320197
42.0 -0.0144871907247
42.5 -0.0139205332051
43.0 -0.0133833426751
43.5 -0.0128371664515
44.0 -0.012329159532
44.5 -0.0118290106862
45.0 -0.0113341239627
45.5 -0.0108707877636
46.0 -0.010410838871
46.5 -0.00998813058061
47.0 -0.00956570509146
47.5 -0.00913767715947
48.0 -0.00874260876718
48.5 -0.00835090687294
49.0 -0.00799095289466
49.5 -0.00762450929439
50.0 -0.00726719018147
50.5 -0.00694551394397
51.0 -0.00659895284079
51.5 -0.00629881607502
52.0 -0.00600495695094
52.5 -0.00569835446642
53.0 -0.00542699798156
53.5 -0.00516433841048
54.0 -0.0049049904454
54.5 -0.00464128413683
55.0 -0.00439050793897
55.5 -0.00416915827498
56.0 -0.00393048294308
56.5 -0.00371811612927
57.0 -0.00350708501456
57.5 -0.00329716314852
58.0 -0.003127820222
58.5 -0.00295062288142
59.0 -0.00277062999275
59.5 -0.00262314196058
60.0 -0.00244114486665
60.5 -0.00229208094341
61.0 -0.00215458396333
61.5 -0.00198069016022
62.0 -0.00183422699503
62.5 -0.00171513306543
63.0 -0.00157519545493
63.5 -0.00145597851444
64.0 -0.00138611041262
64.5 -0.00128228199445
65.0 -0.00118244683097
65.5 -0.00104454511144
66.0 -0.000939624068106
66.5 -0.000861291818376
67.0 -0.000807070348875
67.5 -0.000689951185187
68.0 -0.000586458823028
68.5 -0.000540768726985
69.0 -0.000483922180024
69.5 -0.000426357293454
70.0 -0.000367382801223
70.5 -0.00029454067791
71.0 -0.000223616959925
71.5 -0.000180772733499
72.0 -0.000134601298317
72.5 -8.89639253536e-05
73.0 -0.000101472342763
73.5 -5.76838406801e-05
74.0 1.86616364832e-05
74.5 6.02282370892e-05
75.0 7.20514463097e-05
75.5 7.86261495342e-05
76.0 8.87636282165e-05
76.5 0.000158482293402
77.0 0.000175029286183
77.5 0.000189475901488
78.0 0.000219148265813
78.5 0.000250394203324
79.0 0.00021852366833
79.5 0.000211184427654
80.0 0.000216701863259
80.5 0.000187943817254
81.0 0.000264276447774
81.5 0.000269178301373
82.0 0.000246616681594
82.5 0.000244321998572
83.0 0.000253832151614
83.5 0.000213471973399
84.0 0.000286421761547
84.5 0.000216430412905
85.0 0.000192010489513
85.5 0.000175706916746
86.0 0.000154262104523
86.5 0.000134583370247
87.0 0.000141322530457
87.5 0.000149736582138
88.0 0.000121507571627
88.5 0.000110261091219
89.0 6.82045700771e-05
89.5 0.000107969709127
90.0 5.0209189169e-05
90.5 6.43970849943e-05
91.0 -0.00010246775593
91.5 -0.000182321656556
92.0 -0.000108205705775
92.5 -9.12320412318e-05
93.0 -0.00021212286806
93.5 -0.000274162693128
94.0 -0.000112556077273
94.5 -0.000205581993686
95.0 -0.000354632854823
95.5 -0.000443119451813
96.0 -0.000424713550125
96.5 -0.000471515472636
97.0 -0.000561688510455
97.5 -0.000665752746436
98.0 -0.000731363771315
98.5 -0.000755861186668
99.0 -0.00076055711979
99.5 -0.000687864172328
100.0 -0.000865003939552
100.5 -0.000862668529123
101.0 -0.000922601314663
101.5 -0.000995658936517
102.0 -0.00102773023345
102.5 -0.0012002625162
103.0 -0.00127280058537
103.5 -0.00137840183815
104.0 -0.00166544783239
104.5 -0.00169064654123
105.0 -0.00182758551438
105.5 -0.00187646109367
106.0 -0.00163928925107
106.5 -0.00208690626652
107.0 -0.00202699718282
107.5 -0.00205683548988
108.0 -0.00234858708828
108.5 -0.00265349189002
109.0 -0.00291650902008
109.5 -0.00299708042282
110.0 -0.00274428470909
110.5 -0.00315392565745
111.0 -0.00340814138431
111.5 -0.00380581666989
112.0 -0.00356437615066
112.5 -0.00380001303142
113.0 -0.00416970064438
113.5 -0.00427821170932
114.0 -0.00424299905302
114.5 -0.00480255981033
115.0 -0.00461761467272
115.5 -0.00354870447764
116.0 -0.00394017475088
116.5 -0.00378429855321
117.0 -0.00368918447316
117.5 -0.00541688041235
118.0 -0.00341220732312
118.5 -0.00221544942457
119.0 -0.00115764774193
119.5 0.0066502793409
120.0 0.00834421988993
120.5 0.00579407757462
121.0 0.000462695364504
121.5 -0.00480142683209
122.0 -0.00743153239006
122.5 -0.00590290252896
123.0 -0.00527517195616
123.5 -0.00548360282725
124.0 -0.00518400491748
124.5 -0.00511616257057
125.0 -0.00512692420156
125.5 -0.00486601989898
126.0 -0.00482637734495
126.5 -0.00490239396862
127.0 -0.00477497281631
127.5 -0.00455452230489
128.0 -0.00443604964602
128.5 -0.00424666440378
129.0 -0.00368143315343
129.5 -0.00327690125908
130.0 -0.00374801906426
130.5 -0.00335674561112
131.0 -0.00326327362489
131.5 -0.00297461627031
132.0 -0.00287862591605
132.5 -0.00268511815247
133.0 -0.00230443151838
133.5 -0.00224258838914
134.0 -0.00246425894861
134.5 -0.00215004441019
135.0 -0.00179447031542
135.5 -0.0020438209534
136.0 -0.00188488555654
136.5 -0.00181534509998
137.0 -0.00167373790564
137.5 -0.00168480200764
138.0 -0.001556917676
138.5 -0.00144255060072
139.0 -0.00129453556508
139.5 -0.0011977767143
140.0 -0.00111488671564
140.5 -0.00103581471721
141.0 -0.000874336687851
141.5 -0.000847688801304
142.0 -0.000693440463756
142.5 -0.000636742444886
143.0 -0.000428397857776
143.5 -0.000380244829458
144.0 -0.000577977216453
144.5 -0.000433347588961
145.0 -0.000389745170433
145.5 -0.00025829087007
146.0 -0.000171742462027
146.5 -0.000108887829665
147.0 -2.73520061862e-05
147.5 5.98536177496e-05
148.0 0.000203183215289
148.5 0.000408642462483
149.0 0.000464760883229
149.5 0.000343241114066
150.0 0.000399532428763
150.5 0.000438250565071
151.0 0.000481352346814
151.5 0.000541475163284
152.0 0.000585484688145
152.5 0.000599344171169
153.0 0.000653830559909
153.5 0.000717922595664
154.0 0.000772525709422
154.5 0.000807138354224
155.0 0.0008095773779
155.5 0.00077747663534
156.0 0.000965606819275
156.5 0.00112476507353
157.0 0.00134916776247
157.5 0.00137353148943
158.0 0.00131827762079
158.5 0.00137857151164
159.0 0.00132396413481
159.5 0.00124572267018
160.0 0.00151067342647
160.5 0.00159093978692
161.0 0.00174754554022
161.5 0.00190222406538
162.0 0.00204704808959
162.5 0.00221613488748
163.0 0.00229718121609
163.5 0.00230431851286
164.0 0.00222640519965
164.5 0.00211278786004
165.0 0.00248332301979
165.5 0.00271089747384
166.0 0.00278327812698
166.5 0.00259310813608
167.0 0.00279237392381
167.5 0.0032510477018
168.0 0.00347193730499
168.5 0.0035440459168
169.0 0.0034634172857
169.5 0.00333188319433
170.0 0.00383595353219
170.5 0.00393156444855
171.0 0.00404715235692
171.5 0.00421149537489
172.0 0.00440985549319
172.5 0.00429341650239
173.0 0.00444672634407
173.5 0.00488934726179
174.0 0.00523215401958
174.5 0.00535648473581
175.0 0.00548603759053
175.5 0.00409575869728
176.0 0.00488474785004
176.5 0.00552192401166
177.0 0.00489526201045
177.5 0.0064781454539
178.0 0.00548101252613
178.5 0.00440221309188
179.0 0.00171355355393
179.5 -0.00211234882958
180.0 -0.00527577937812
180.5 -0.00786486341507
181.0 -0.00445577274552
181.5 -0.00203769557899
182.0 0.000574691698034
182.5 0.00157608015185
183.0 0.00191098810957
183.5 0.00193675862573
184.0 0.00150418988171
184.5 0.00118167781514
185.0 0.00102707101158
185.5 0.00149232888967
186.0 0.00123885141026
186.5 0.000880668824337
187.0 0.00102019707117
187.5 0.000831753623288
188.0 0.000420971882519
188.5 0.000246505137994
189.0 -0.000204072229479
189.5 -0.00051482428097
190.0 -0.000603037431844
190.5 -0.00114768636685
191.0 -0.00141578293081
191.5 -0.00179171470511
192.0 -0.00224872113776
192.5 -0.00259082973668
193.0 -0.00320946003058
193.5 -0.00388153942383
194.0 -0.00464485090093
194.5 -0.00549805862018
195.0 -0.00629601490816
195.5 -0.0077354174859
196.0 -0.00981757700087
196.5 -0.0114375464201
197.0 -0.0130531830894
197.5 -0.0161032317242
198.0 -0.0220518713665
198.5 -0.0282809325741
199.0 -0.0444096797564
199.5 -0.0666595847671
