0.0 -0.0065708284275
0.5 0.0125113622618
1.0 0.00967120274844
1.5 0.00352183505997
2.0 -0.00050975930904
2.5 -0.00439359344924
3.0 -0.0066167328617
3.5 -0.00894575937179
4.0 -0.0111061995138
4.5 -0.01302968958
5.0 -0.0152110023482
5.5 -0.0167726483857
6.0 -0.0183609969671
6.5 -0.0198893185435
7.0 -0.0212550503957
7.5 -0.0226832787477
8.0 -0.0240380567281
8.5 -0.0252287186407
9.0 -0.0263642579204
9.5 -0.0274559226498
10.0 -0.0285325760256
10.5 -0.0294713919946
11.0 -0.0304618053136
11.5 -0.0313472504578
12.0 -0.0321312274662
12.5 -0.0328724771303
13.0 -0.0335512380002
13.5 -0.0341676736676
14.0 -0.0347441470869
14.5 -0.0352264060357
15.0 -0.0356173880073
15.5 -0.0359693685953
16.0 -0.0362352586427
16.5 -0.0364371432728
17.0 -0.0365790998835
17.5 -0.036668851678
18.0 -0.0367217380014
18.5 -0.0366832442921
19.0 -0.0365860660511
19.5 -0.0365038630499
20.0 -0.0362801025626
20.5 -0.0360133946335
21.0 -0.0356927230928
21.5 -0.0353432693599
22.0 -0.0349625200952
22.5 -0.0345101970299
23.0 -0.0340514512465
23.5 -0.0335894852348
24.0 -0.0330701503682
24.5 -0.0325078376194
25.0 -0.0319055697731
25.5 -0.0312991140747
26.0 -0.0306745892007
26.5 -0.0300217072088
27.0 -0.0293585261697
27.5 -0.0286673250045
28.0 -0.027983908783
28.5 -0.0273268114197
29.0 -0.0266351178045
29.5 -0.02594908511
30.0 -0.025243495195
30.5 -0.0245430400682
31.0 -0.0238562392207
31.5 -0.0231584917634
32.0 -0.0224599057376
32.5 -0.0217741680226
33.0 -0.0210972228215
33.5 -0.0204240485627
34.0 -0.0197555293364
34.5 -0.0191180891735
35.0 -0.0184928126086
35.5 -0.017857849807
36.0 -0.017248095955
36.5 -0.0166417419293
37.0 -0.0160365145553
37.5 -0.0154505731336
38.0 -0.0148828407036
38.5 -0.0143303171252
39.0 -0.0137843104865
39.5 -0.013259414086
40.0 -0.0127586017851
40.5 -0.0122495807747
41.0 -0.0117593264914
41.5 -0.0113016780869
42.0 -0.0108376690411
42.5 -0.0103880663461
43.0 -0.00996303642146
43.5 -0.00952727948703
44.0 -0.00911822390974
44.5 -0.00873757489859
45.0 -0.00833027310836
45.5 -0.00796569341881
46.0 -0.00760982171787
46.5 -0.00725728767155
47.0 -0.00692287812309
47.5 -0.006591541324
48.0 -0.00629415200227
48.5 -0.00599319740149
49.0 -0.00569687714698
49.5 -0.00543319699269
50.0 -0.00512547487167
50.5 -0.00485844297903
51.0 -0.00461386860545
51.5 -0.00435683012808
52.0 -0.00413608725026
52.5 -0.00390936182201
53.0 -0.00369289435705
53.5 -0.00347095012866
54.0 -0.00325243187227
54.5 -0.00306219980039
55.0 -0.00286159193993
55.5 -0.00267951308975
56.0 -0.00251975574166
56.5 -0.00233101793128
57.0 -0.00218277620907
57.5 -0.00203657835336
58.0 -0.00189204920776
58.5 -0.00174865921372
59.0 -0.00161097691372
59.5 -0.00150330333995
60.0 -0.00138443114919
60.5 -0.0012461078174
61.0 -0.00113064263032
61.5 -0.00101921699891
62.0 -0.000918983752157
62.5 -0.000823467930676
63.0 -0.000733496371032
63.5 -0.000645041836961
64.0 -0.000553240613844
64.5 -0.000481895631401
65.0 -0.000403743212635
65.5 -0.000331250804406
66.0 -0.000259106423337
66.5 -0.000152881135238
67.0 -0.000108857703628
67.5 -5.70350911904e-05
68.0 -5.5076916432e-06
68.5 2.8526956557e-05
69.0 5.39220851312e-05
69.5 0.00016132176151
70.0 0.000189437806313
70.5 0.000227712650034
71.0 0.000245117710717
71.5 0.000328975508278
72.0 0.000389691741866
72.5 0.000401843643425
73.0 0.000389119057981
73.5 0.000427814699268
74.0 0.000429988230451
74.5 0.000441622599427
75.0 0.000487424742548
75.5 0.000492519542926
76.0 0.000495368027552
76.5 0.00049748668304
77.0 0.000516975137266
77.5 0.000567407192225
78.0 0.000613343358049
78.5 0.000624785900913
79.0 0.000560441430004
79.5 0.000575761695226
80.0 0.000576400598598
80.5 0.000588032865826
81.0 0.000572965741542
81.5 0.000542222123535
82.0 0.000522565648659
82.5 0.000518708987276
83.0 0.000574044334929
83.5 0.000566076402301
84.0 0.000473642631146
84.5 0.000504309328161
85.0 0.00046851237898
85.5 0.000424722987642
86.0 0.000463735452858
86.5 0.000435450333796
87.0 0.000369609767674
87.5 0.000392478464345
88.0 0.000378794143671
88.5 0.000350827302839
89.0 0.000391275301013
89.5 0.000354811699861
90.0 0.000323804301473
90.5 0.000198948339779
91.0 0.000164167371221
91.5 0.000120364738489
92.0 0.000116010068943
92.5 0.000114435289515
93.0 6.01393770516e-05
93.5 7.11910218847e-05
94.0 0.000173839785251
94.5 4.64180608795e-05
95.0 -0.000199589014493
95.5 -0.000107349391559
96.0 -0.000168051066471
96.5 -0.000102777887843
97.0 -0.000195295880356
97.5 -0.000288331499476
98.0 -0.000360420880405
98.5 -0.000437508085504
99.0 -0.000384862086541
99.5 -0.00045815708819
100.0 -0.000363295357005
100.5 -0.000629553355139
101.0 -0.000815386726373
101.5 -0.00080678908288
102.0 -0.000788452791241
102.5 -0.000821263740278
103.0 -0.000886214331302
103.5 -0.000986599440523
104.0 -0.00098859376962
104.5 -0.00132869839695
105.0 -0.0013530780332
105.5 -0.00154112564322
106.0 -0.00135822205595
106.5 -0.00154819143516
107.0 -0.00170363251755
107.5 -0.00189296369609
108.0 -0.00197165509235
108.5 -0.00199652353394
109.0 -0.00227138947787
109.5 -0.00230854673404
110.0 -0.00247214573887
110.5 -0.00248641375077
111.0 -0.00256264157407
111.5 -0.00303975049278
112.0 -0.00309489239117
112.5 -0.00319075355334
113.0 -0.00332827024044
113.5 -0.00365070806359
114.0 -0.0037460798915
114.5 -0.0039008789683
115.0 -0.00324991035993
115.5 -0.00359400300204
116.0 -0.00337427720282
116.5 -0.00297704889624
117.0 -0.00268032444883
117.5 -0.003186608615
118.0 -0.00289022781955
118.5 -0.0024521062268
119.0 0.000273450371736
119.5 0.00687797322914
120.0 0.00661753155042
120.5 0.00546067789148
121.0 0.00102706979953
121.5 -0.00298158280373
122.0 -0.00799193986138
122.5 -0.00778639823206
123.0 -0.0070059247642
123.5 -0.00609456171746
124.0 -0.00572400026982
124.5 -0.00648801030141
125.0 -0.00587841900298
125.5 -0.00544186861511
126.0 -0.00541750436763
126.5 -0.00555404148784
127.0 -0.00533860266452
127.5 -0.00489095181165
128.0 -0.00506196897268
128.5 -0.00533502030382
129.0 -0.00460509547884
129.5 -0.00420166518511
130.0 -0.00388631060203
130.5 -0.00366817319206
131.0 -0.00339143717419
131.5 -0.00359193119112
132.0 -0.00352615931256
132.5 -0.00327152413407
133.0 -0.0029522537899
133.5 -0.00279674543594
134.0 -0.00267021938608
134.5 -0.00255686964894
135.0 -0.00248075579843
135.5 -0.00230033734717
136.0 -0.00223522352101
136.5 -0.00217024275847
137.0 -0.00194385569959
137.5 -0.00185626315545
138.0 -0.00158928376003
138.5 -0.00153079790642
139.0 -0.00168135474119
139.5 -0.00152425680646
140.0 -0.00146536332094
140.5 -0.00138913893561
141.0 -0.00115361598808
141.5 -0.00112291261643
142.0 -0.000976165915013
142.5 -0.000928196929078
143.0 -0.000820022804071
143.5 -0.000742834378714
144.0 -0.000714260526403
144.5 -0.000568467264882
145.0 -0.000508934663508
145.5 -0.000397489961632
146.0 -0.000227724556606
146.5 -0.000416506082566
147.0 -0.000408811512626
147.5 -0.000279361547439
148.0 -0.000104967075871
148.5 6.04918139769e-05
149.0 0.000121475014604
149.5 0.000236990349909
150.0 0.000401764700101
150.5 0.000267385424907
151.0 0.000317872924795
151.5 0.000356575882496
152.0 0.000386897512073
152.5 0.000381460326357
153.0 0.000371009059663
153.5 0.000396082725556
154.0 0.00051274911849
154.5 0.000646439086346
155.0 0.000765908071102
155.5 0.000958700030337
156.0 0.000823151291939
156.5 0.000907070477925
157.0 0.00113531548418
157.5 0.00116209259154
158.0 0.00102754714017
158.5 0.00110540452414
159.0 0.00130873738828
159.5 0.00145215943469
160.0 0.00156885197185
160.5 0.00132652259844
161.0 0.00155434306415
161.5 0.00174438495083
162.0 0.00188980497484
162.5 0.00210497557516
163.0 0.00217005160594
163.5 0.00213325075841
164.0 0.00212435529696
164.5 0.00214305446379
165.0 0.00213052379461
165.5 0.00243934456836
166.0 0.00249622202713
166.5 0.00268892685969
167.0 0.00266477731093
167.5 0.00288061913294
168.0 0.00292686488079
168.5 0.00295821821094
169.0 0.00322754266434
169.5 0.00351201657738
170.0 0.003815056299
170.5 0.00392596857112
171.0 0.00417998323262
171.5 0.0037847431346
172.0 0.00416064046436
172.5 0.00466364982015
173.0 0.00493032265427
173.5 0.00505461203592
174.0 0.00529116370876
174.5 0.00525625164802
175.0 0.00451581853076
175.5 0.00435690583271
176.0 0.00444587731874
176.5 0.00481083334459
177.0 0.0048993010104
177.5 0.00622637644076
178.0 0.00457252966025
178.5 0.00300183202967
179.0 0.000285449115381
179.5 -0.00251850567004
180.0 -0.00299491829206
180.5 -0.0046644770779
181.0 -0.00206299221027
181.5 0.00037468935254
182.0 0.000616417570782
182.5 0.00285319050174
183.0 0.00189643465744
183.5 0.00212325988868
184.0 0.00189346040526
184.5 0.00182382716058
185.0 0.00181831899006
185.5 0.00154153737328
186.0 0.00142424226699
186.5 0.00184559655246
187.0 0.00160559130019
187.5 0.00133874446858
188.0 0.00110899048477
188.5 0.000834410619987
189.0 0.0006598189334
189.5 0.000349441902841
190.0 8.06260793667e-05
190.5 -0.000271909920471
191.0 -0.000444952333453
191.5 -0.000814844735459
192.0 -0.00110943753742
192.5 -0.00131369677248
193.0 -0.00181844691474
193.5 -0.00221699122034
194.0 -0.00303011784175
194.5 -0.00357039993929
195.0 -0.00396479178411
195.5 -0.00590644659468
196.0 -0.00680763905255
196.5 -0.00799066753754
197.0 -0.00956751469695
197.5 -0.010771887737
198.0 -0.0135980582855
198.5 -0.0185091087968
199.0 -0.0289811807712
199.5 -0.0454077633978
