0.0 -0.00589067770027
0.5 0.0101166228402
1.0 -0.000764255734424
1.5 -0.00601893543585
2.0 -0.00925666441481
2.5 -0.0119914749977
3.0 -0.0137139469429
3.5 -0.015266439225
4.0 -0.0165712515806
4.5 -0.0180393891241
5.0 -0.0190417605185
5.5 -0.0198152875429
6.0 -0.0207877342211
6.5 -0.0215427863698
7.0 -0.0220835437384
7.5 -0.022680559417
8.0 -0.0231800255321
8.5 -0.0236496111532
9.0 -0.0240242213848
9.5 -0.0243591250091
10.0 -0.0246728593373
10.5 -0.0248805890376
11.0 -0.025075461137
11.5 -0.0252327706514
12.0 -0.02533442224
12.5 -0.0253971626711
13.0 -0.025414382376
13.5 -0.0253977203882
14.0 -0.0253540271913
14.5 -0.0252772986606
15.0 -0.0251512030859
15.5 -0.0249996039705
16.0 -0.024852419315
16.5 -0.0246703239715
17.0 -0.0244201548235
17.5 -0.0241724992967
18.0 -0.0239343632936
18.5 -0.0236480631767
19.0 -0.0233449811456
19.5 -0.023040953683
20.0 -0.0227116718158
20.5 -0.0223756786858
21.0 -0.0220061241533
21.5 -0.0216222320443
22.0 -0.0212642469138
22.5 -0.0209092951739
23.0 -0.0205090076699
23.5 -0.0201221827091
24.0 -0.0197366062644
24.5 -0.0193622560267
25.0 -0.0189492047693
25.5 -0.018541994521
26.0 -0.0181392797216
26.5 -0.0177286160468
27.0 -0.0173222977194
27.5 -0.016903099181
28.0 -0.0164982547148
28.5 -0.0161241897577
29.0 -0.0157402391781
29.5 -0.0153715916331
30.0 -0.0149675165946
30.5 -0.0145706730423
31.0 -0.0141939187255
31.5 -0.0138046527755
32.0 -0.0134218498461
32.5 -0.0130543622001
33.0 -0.0126933193973
33.5 -0.0123451825403
34.0 -0.0119957916207
34.5 -0.0116527499645
35.0 -0.0113103741138
35.5 -0.0109797832992
36.0 -0.0106477877116
36.5 -0.0103190742233
37.0 -0.0100055962527
37.5 -0.00970031765617
38.0 -0.00939408729783
38.5 -0.00908999286031
39.0 -0.00880233574216
39.5 -0.00853559042105
40.0 -0.00824027887485
40.5 -0.00796726851214
41.0 -0.00769935951482
41.5 -0.00744617388627
42.0 -0.00719072899675
42.5 -0.00694135300572
43.0 -0.00670211945469
43.5 -0.00646124985498
44.0 -0.00623583689503
44.5 -0.0060156184944
45.0 -0.00578244830171
45.5 -0.00559326532349
46.0 -0.00539377213611
46.5 -0.00519822115963
47.0 -0.00499786197529
47.5 -0.00479385275722
48.0 -0.00462510581233
48.5 -0.00444280651149
49.0 -0.00426264461434
49.5 -0.00409857965943
50.0 -0.00391074464232
50.5 -0.00375827549105
51.0 -0.00361485070017
51.5 -0.0034695699122
52.0 -0.00331931258999
52.5 -0.00316278127406
53.0 -0.00305569888785
53.5 -0.00293086090715
54.0 -0.00280246032958
54.5 -0.00269807362985
55.0 -0.0025534664769
55.5 -0.00243385078066
56.0 -0.00233540146653
56.5 -0.00223989447064
57.0 -0.00212943208974
57.5 -0.00201353208059
58.0 -0.00193935728864
58.5 -0.00185457720698
59.0 -0.00175400413874
59.5 -0.00168296713664
60.0 -0.00156677034144
60.5 -0.00150029696197
61.0 -0.00140953838492
61.5 -0.00132535192249
62.0 -0.00125751929511
62.5 -0.00119182419517
63.0 -0.00110509322307
63.5 -0.00104998487448
64.0 -0.00098952460262
64.5 -0.000955954266422
65.0 -0.000908123423923
65.5 -0.000845274000609
66.0 -0.00080257385091
66.5 -0.000730846308269
67.0 -0.000651481484441
67.5 -0.000625850501836
68.0 -0.000584940582719
68.5 -0.000563754021748
69.0 -0.000547428012585
69.5 -0.000521818998477
70.0 -0.000483921731291
70.5 -0.000451291399269
71.0 -0.000412377169589
71.5 -0.000375475660425
72.0 -0.000339211572447
72.5 -0.000322630050148
73.0 -0.000318113235435
73.5 -0.000334221192237
74.0 -0.000226664826691
74.5 -0.000238245275492
75.0 -0.00024410627133
75.5 -0.000208469750532
76.0 -0.000203865510182
76.5 -0.000177780738714
77.0 -0.000190328135227
77.5 -0.000193013709156
78.0 -0.000140576292925
78.5 -0.000129320053782
79.0 -0.000169082545066
79.5 -0.000142168132459
80.0 -0.000204587598194
80.5 -0.000198057595496
81.0 -0.000135146266592
81.5 -0.000125203787469
82.0 -0.000131211979479
82.5 -0.000158922372634
83.0 -0.000147147968846
83.5 -0.000127647608892
84.0 -0.000205419912177
84.5 -0.000192900684542
85.0 -0.000279859278422
85.5 -0.000280715223546
86.0 -0.000213469167225
86.5 -0.000244555412383
87.0 -0.000285666096097
87.5 -0.000221652115577
88.0 -0.000236005138849
88.5 -0.000270229230406
89.0 -0.000276511225948
89.5 -0.000423528381681
90.0 -0.00044226221226
90.5 -0.000372303732952
91.0 -0.000428364476072
91.5 -0.000404728574775
92.0 -0.000454266242425
92.5 -0.000496419260418
93.0 -0.00055886154815
93.5 -0.000609265249469
94.0 -0.000525760686436
94.5 -0.000538096990873
95.0 -0.000683155273663
95.5 -0.00064550063313
96.0 -0.000729417199313
96.5 -0.000700489229153
97.0 -0.000806641428291
97.5 -0.000911773548037
98.0 -0.000914086784118
98.5 -0.000917544551744
99.0 -0.000960573007923
99.5 -0.000898685089123
100.0 -0.000872672896342
100.5 -0.00106592980928
101.0 -0.000999961155763
101.5 -0.00117135352392
102.0 -0.00107256296924
102.5 -0.00121258875561
103.0 -0.00138101645538
103.5 -0.00146636966926
104.0 -0.00164479684654
104.5 -0.00149004972391
105.0 -0.00155693806983
105.5 -0.00158299374235
106.0 -0.00183818241877
106.5 -0.00189336756382
107.0 -0.00184300155706
107.5 -0.00194844050469
108.0 -0.00212789068919
108.5 -0.00230163412805
109.0 -0.00242130082092
109.5 -0.00238097504791
110.0 -0.00268257905225
110.5 -0.00251278186547
111.0 -0.00289881912902
111.5 -0.00295819448646
112.0 -0.00319446644471
112.5 -0.00335107692604
113.0 -0.00349813626784
113.5 -0.00392454064639
114.0 -0.00371702265603
114.5 -0.0038201021765
115.0 -0.00421996945957
115.5 -0.00373876610495
116.0 -0.00375554414218
116.5 -0.00408110279631
117.0 -0.00406027141247
117.5 -0.0038730452678
118.0 -0.00145511473946
118.5 0.000201915428875
119.0 0.00359426756633
119.5 0.00888605518088
120.0 0.0044962911998
120.5 0.000879565275667
121.0 -0.00154783572732
121.5 -0.00726408725497
122.0 -0.00717810358505
122.5 -0.00898741311146
123.0 -0.006929084505
123.5 -0.00547839617295
124.0 -0.00498552540793
124.5 -0.00561632613736
125.0 -0.00506412264568
125.5 -0.00456420227809
126.0 -0.00414805461631
126.5 -0.00509196213851
127.0 -0.00502490874268
127.5 -0.00448250234389
128.0 -0.00405391985603
128.5 -0.00424829953553
129.0 -0.0044486131234
129.5 -0.00379231456191
130.0 -0.003483096214
130.5 -0.00305773946047
131.0 -0.00366064989723
131.5 -0.00334919017343
132.0 -0.00311981232418
132.5 -0.00292287207552
133.0 -0.00275408898612
133.5 -0.0026143558946
134.0 -0.00251130221983
134.5 -0.00230345117758
135.0 -0.00201875587403
135.5 -0.00230043735596
136.0 -0.00212065193206
136.5 -0.00200018070649
137.0 -0.00182800999108
137.5 -0.00184950540532
138.0 -0.00169790182693
138.5 -0.00166052241756
139.0 -0.00163172720377
139.5 -0.001543130093
140.0 -0.00150728154701
140.5 -0.00147979911415
141.0 -0.00135522889787
141.5 -0.001310419785
142.0 -0.00115176210588
142.5 -0.00110006368463
143.0 -0.000989179652993
143.5 -0.000912339355756
144.0 -0.000844110609128
144.5 -0.00064670525671
145.0 -0.000503883373475
145.5 -0.00070240935076
146.0 -0.000637034706974
146.5 -0.000599755337355
147.0 -0.000546907323597
147.5 -0.000492302961774
148.0 -0.000391134560752
148.5 -0.000270865026911
149.0 -0.000254959488165
149.5 -0.00021971574539
150.0 -0.000183799596111
150.5 -0.000141540241346
151.0 -9.99424187694e-05
151.5 -5.26919391132e-05
152.0 -3.15771726189e-05
152.5 -4.98010783616e-05
153.0 -5.03653397086e-05
153.5 -9.3963647334e-06
154.0 0.000132130929202
154.5 0.00030995049403
155.0 0.000201117037481
155.5 0.000165634701334
156.0 0.000111453308005
156.5 0.000170264630071
157.0 0.000303660815433
157.5 0.000408230526155
158.0 0.00045960335127
158.5 0.000582625328782
159.0 0.000650291677943
159.5 0.000696831359033
160.0 0.000801783463043
160.5 0.000920451567612
161.0 0.00103191005707
161.5 0.000882986144106
162.0 0.00100016582919
162.5 0.00120088216192
163.0 0.00127785796776
163.5 0.00117865630719
164.0 0.00106214608509
164.5 0.00125174497212
165.0 0.00149132591081
165.5 0.00152162825136
166.0 0.00147485851657
166.5 0.00174813434772
167.0 0.00186060641142
167.5 0.00207095196246
168.0 0.00198596297253
168.5 0.00194843896197
169.0 0.00214516982997
169.5 0.00228109465245
170.0 0.00245292387758
170.5 0.00254807211365
171.0 0.00286475783051
171.5 0.0029356775393
172.0 0.00302536079278
172.5 0.00330640506355
173.0 0.00344068642741
173.5 0.00320635507418
174.0 0.00293922886404
174.5 0.00323708972081
175.0 0.00307865591614
175.5 0.00217181952006
176.0 0.00187053152978
176.5 0.00220885668099
177.0 0.00285064037207
177.5 0.00302830363854
178.0 0.00188901959234
178.5 0.000428264171234
179.0 -0.00212348534244
179.5 -0.00444924180547
180.0 -0.00484161248693
180.5 -0.00517347212904
181.0 -0.00157553920958
181.5 0.000320559267834
182.0 0.000598071774206
182.5 0.0029718774588
183.0 0.00242498113708
183.5 0.00287105729413
184.0 0.00289539293091
184.5 0.0021981392028
185.0 0.00190801194341
185.5 0.00153089052539
186.0 0.00151715356645
186.5 0.00142024672731
187.0 0.00117540007224
187.5 0.000811445885034
188.0 0.000392159698649
188.5 0.000264213500373
189.0 0.00016005654571
189.5 -0.000335570236302
190.0 -0.00072453113367
190.5 -0.00116141281178
191.0 -0.00141043058439
191.5 -0.00186054268485
192.0 -0.00224579528512
192.5 -0.00259209735736
193.0 -0.00335630835718
193.5 -0.00392722256208
194.0 -0.00468895786972
194.5 -0.0055057155393
195.0 -0.00639093966501
195.5 -0.00767858997622
196.0 -0.00972863888194
196.5 -0.0114715367461
197.0 -0.0138298442074
197.5 -0.0160788086272
198.0 -0.021398427753
198.5 -0.0285963161524
199.0 -0.0437425902744
199.5 -0.0672856844283
