0.0 -0.00082
0.5 0.00444
1.0 -0.0078
1.5 -0.01355
2.0 -0.01688
2.5 -0.01908
3.0 -0.02059
3.5 -0.02169
4.0 -0.02237
4.5 -0.0228
5.0 -0.02327
5.5 -0.02346
6.0 -0.02353
6.5 -0.02339
7.0 -0.02303
7.5 -0.0226
8.0 -0.02207
8.5 -0.0216
9.0 -0.02084
9.5 -0.02013
10.0 -0.01942
10.5 -0.01864
11.0 -0.01787
11.5 -0.01705
12.0 -0.01629
12.5 -0.01554
13.0 -0.01471
13.5 -0.01391
14.0 -0.01314
14.5 -0.01239
15.0 -0.01165
15.5 -0.01105
16.0 -0.01038
16.5 -0.0097
17.0 -0.00907
17.5 -0.00849
18.0 -0.00792
18.5 -0.00739
19.0 -0.00682
19.5 -0.00638
20.0 -0.0059
20.5 -0.00545
21.0 -0.00505
21.5 -0.00464
22.0 -0.00431
22.5 -0.00394
23.0 -0.00362
23.5 -0.00327
24.0 -0.00302
24.5 -0.00276
25.0 -0.00252
25.5 -0.00228
26.0 -0.00206
26.5 -0.00185
27.0 -0.00165
27.5 -0.00145
28.0 -0.00125
28.5 -0.0011
29.0 -0.00096
29.5 -0.00082
30.0 -0.0007
30.5 -0.00057
31.0 -0.000450000000001
31.5 -0.00036
32.0 -0.00025
32.5 -0.000160000000001
33.0 -4.99999999999e-05
33.5 9.99999999962e-06
34.0 0.000109999999999
34.5 0.000179999999999
35.0 0.00024
35.5 0.000260000000001
36.0 0.000310000000001
36.5 0.00036
37.0 0.000459999999999
37.5 0.00052
38.0 0.000540000000001
38.5 0.00057
39.0 0.00061
39.5 0.000599999999999
40.0 0.00068
40.5 0.000689999999999
41.0 0.000699999999999
41.5 0.00072
42.0 0.00076
42.5 0.00079
43.0 0.000780000000001
43.5 0.0008
44.0 0.00082
44.5 0.00081
45.0 0.00083
45.5 0.00082
46.0 0.000840000000001
46.5 0.00083
47.0 0.000839999999999
47.5 0.00088
48.0 0.000859999999999
48.5 0.00088
49.0 0.000859999999999
49.5 0.000819999999999
50.0 0.000820000000001
50.5 0.00084
51.0 0.00084
51.5 0.000839999999999
52.0 0.00085
52.5 0.000840000000001
53.0 0.00083
53.5 0.000849999999999
54.0 0.00086
54.5 0.0008
55.0 0.000780000000002
55.5 0.00079
56.0 0.000820000000001
56.5 0.000820000000001
57.0 0.00077
57.5 0.000780000000001
58.0 0.000730000000001
58.5 0.00071
59.0 0.000710000000002
59.5 0.00067
60.0 0.00066
60.5 0.000709999999998
61.0 0.00071
61.5 0.000670000000001
62.0 0.000679999999999
62.5 0.00067
63.0 0.000660000000002
63.5 0.000639999999999
64.0 0.000589999999999
64.5 0.00057
65.0 0.00057
65.5 0.000549999999999
66.0 0.00062
66.5 0.000569999999998
67.0 0.00056
67.5 0.00055
68.0 0.000530000000001
68.5 0.00052
69.0 0.000469999999998
69.5 0.000450000000001
70.0 0.00046
70.5 0.00041
71.0 0.00043
71.5 0.00046
72.0 0.000459999999999
72.5 0.000440000000001
73.0 0.000419999999998
73.5 0.00038
74.0 0.000300000000001
74.5 0.000310000000001
75.0 0.00034
75.5 0.000300000000001
76.0 0.000230000000002
76.5 0.000310000000001
77.0 0.00037
77.5 0.00033
78.0 0.000259999999999
78.5 0.000249999999999
79.0 0.000219999999999
79.5 0.0002
80.0 0.00019
80.5 0.00013
81.0 0.000140000000002
81.5 0.00013
82.0 0.000160000000001
82.5 0.000120000000001
83.0 8.00000000023e-05
83.5 0.000110000000001
84.0 0.000100000000002
84.5 6.00000000013e-05
85.0 1.00000000014e-05
85.5 0.0
86.0 -1.99999999992e-05
86.5 -2.0000000001e-05
87.0 -1.00000000014e-05
87.5 0.0
88.0 -7.99999999987e-05
88.5 -0.000109999999999
89.0 -4.99999999999e-05
89.5 -0.000170000000001
90.0 -0.000230000000002
90.5 -0.000219999999999
91.0 -0.000190000000002
91.5 -0.000159999999999
92.0 -0.0002
92.5 -0.00029
93.0 -0.00033
93.5 -0.00034
94.0 -0.00027
94.5 -0.000330000000002
95.0 -0.000409999999999
95.5 -0.000469999999998
96.0 -0.00043
96.5 -0.00051
97.0 -0.00056
97.5 -0.00042
98.0 -0.000490000000001
98.5 -0.0006
99.0 -0.00071
99.5 -0.000830000000001
100.0 -0.00057
100.5 -0.00062
101.0 -0.000700000000002
101.5 -0.000600000000002
102.0 -0.0008
102.5 -0.000900000000001
103.0 -0.000799999999998
103.5 -0.0009
104.0 -0.000900000000001
104.5 -0.000999999999998
105.0 -0.000900000000001
105.5 -0.000999999999999
106.0 -0.0012
106.5 -0.001
107.0 -0.0009
107.5 -0.000999999999999
108.0 -0.0015
108.5 -0.0014
109.0 -0.0015
109.5 -0.0013
110.0 -0.0016
110.5 -0.0017
111.0 -0.0017
111.5 -0.0015
112.0 -0.0017
112.5 -0.0018
113.0 -0.002
113.5 -0.0021
114.0 -0.0016
114.5 -0.0018
115.0 -0.0019
115.5 -0.0021
116.0 -0.0026
116.5 -0.0021
117.0 -0.0023
117.5 -0.0044
118.0 -0.004
118.5 -0.0029
119.0 -0.0012
119.5 0.0052
120.0 0.005
120.5 0.0037
121.0 0.0028
121.5 -0.0043
122.0 -0.0051
122.5 -0.0071
123.0 -0.00502
123.5 -0.00418
124.0 -0.00419
124.5 -0.00341
125.0 -0.00285
125.5 -0.00396
126.0 -0.00366
126.5 -0.00298
127.0 -0.00311
127.5 -0.00322
128.0 -0.00297
128.5 -0.00299
129.0 -0.00284
129.5 -0.00203
130.0 -0.0025
130.5 -0.00241
131.0 -0.00257
131.5 -0.002
132.0 -0.00175
132.5 -0.00173
133.0 -0.00166
133.5 -0.00173
134.0 -0.00146
134.5 -0.00156
135.0 -0.00144
135.5 -0.00151
136.0 -0.00153
136.5 -0.00116
137.0 -0.00087
137.5 -0.00123
138.0 -0.00109
138.5 -0.00108
139.0 -0.000819999999999
139.5 -0.00113
140.0 -0.00111
140.5 -0.00108
141.0 -0.00105
141.5 -0.00071
142.0 -0.00035
142.5 -0.00042
143.0 -0.00048
143.5 -0.000420000000001
144.0 -0.00064
144.5 -0.00074
145.0 -0.00081
145.5 -0.00034
146.0 5.00000000001e-05
146.5 -0.00035
147.0 -0.00031
147.5 -0.00021
148.0 -3.99999999989e-06
148.5 -0.000138
149.0 -0.000306
149.5 -0.00051
150.0 -0.0007752
150.5 -0.0004462
151.0 0.000126
151.5 1.00000000001e-05
152.0 -0.000221
152.5 -5e-05
153.0 1.99999999999e-05
153.5 -3.99999999998e-05
154.0 2.00000000001e-05
154.5 9.99999999984e-06
155.0 3e-05
155.5 0.00015
156.0 0.000350000000001
156.5 0.00033
157.0 0.00021
157.5 0.00018
158.0 0.0001
158.5 8.00000000001e-05
159.0 0.00016
159.5 0.00034
160.0 0.00078
160.5 0.000420000000001
161.0 0.000760000000001
161.5 0.00068
162.0 0.00088
162.5 0.00094
163.0 0.00078
163.5 0.00035
164.0 0.00048
164.5 0.00082
165.0 0.00135
165.5 0.00139
166.0 0.00098
166.5 0.00068
167.0 0.00108
167.5 0.00152
168.0 0.00174
168.5 0.00164
169.0 0.00165
169.5 0.00167
170.0 0.0018
170.5 0.00192
171.0 0.00181
171.5 0.00212
172.0 0.00226
172.5 0.00189
173.0 0.00198
173.5 0.00212
174.0 0.00246
174.5 0.00248
175.0 0.00225
175.5 0.00185
176.0 0.00205
176.5 0.00274
177.0 0.00301
177.5 0.00493
178.0 0.0019
178.5 0.0026
179.0 -0.0012
179.5 -0.0057
180.0 -0.0046
180.5 -0.0036
181.0 -0.0012
181.5 0.000699999999998
182.0 0.0008
182.5 0.0019
183.0 0.0012
183.5 0.0011
184.0 0.000599999999999
184.5 0.000499999999999
185.0 0.000500000000001
185.5 0.0
186.0 0.0006
186.5 0.000300000000001
187.0 0.000299999999999
187.5 0.0002
188.0 -0.0002
188.5 -0.000300000000001
189.0 -0.000599999999999
189.5 -0.0009
190.0 -0.0009
190.5 -0.0013
191.0 -0.0016
191.5 -0.0019
192.0 -0.0022
192.5 -0.0024
193.0 -0.0029
193.5 -0.0031
194.0 -0.0039
194.5 -0.0047
195.0 -0.0054
195.5 -0.0066
196.0 -0.0075
196.5 -0.0084
197.0 -0.0092
197.5 -0.01118
198.0 -0.01547
198.5 -0.02007
199.0 -0.02986
199.5 -0.04806
