127	 3	 1
 
118	 3	 1
 
97	 3	 1
 
55	 3	 1
 
44	 3	 1
 
22	 3	 1
 
117	 3	 1
 
96	 3	 1
 
119	 3	 1
 
11	 3	 1
 
120	 3	 1
 
98	 3	 1
 
33	 3	 1
 
12	 3	 1
 
13	 3	 1
 
34	 3	 1
 
35	 3	 1
 
14	 3	 1
 
15	 3	 1
 
121	 3	 1
 
16	 3	 1
 
17	 3	 1
 
54	 3	 1
 
76	 3	 1
 
36	 3	 1
 
37	 3	 1
 
56	 3	 1
 
99	 3	 1
 
57	 3	 1
 
38	 3	 1
 
100	 3	 1
 
18	 3	 1
 
101	 3	 1
 
122	 3	 1
 
123	 3	 1
 
77	 3	 1
 
19	 3	 1
 
102	 3	 1
 
103	 3	 1
 
124	 3	 1
 
125	 3	 1
 
78	 3	 1
 
58	 3	 1
 
104	 3	 1
 
105	 3	 1
 
126	 3	 1
 
106	 3	 1
 
20	 3	 1
 
21	 3	 1
 
107	 3	 1
 
79	 3	 1
 
59	 3	 1
 
80	 3	 1
 
81	 3	 1
 
108	 3	 1
 
82	 3	 1
 
83	 3	 1
 
84	 3	 1
 
85	 3	 1
 
60	 3	 1
 
61	 3	 1
 
86	 3	 1
 
87	 3	 1
 
62	 3	 1
 
63	 3	 1
 
64	 3	 1
 
65	 3	 1
 
109	 3	 1
 
66	 3	 1
 
45	 3	 1
 
110	 3	 1
 
23	 3	 1
 
111	 3	 1
 
67	 3	 1
 
24	 3	 1
 
112	 3	 1
 
88	 3	 1
 
46	 3	 1
 
1	 3	 1
 
113	 3	 1
 
89	 3	 1
 
114	 3	 1
 
115	 3	 1
 
2	 3	 1
 
3	 3	 1
 
90	 3	 1
 
25	 3	 1
 
91	 3	 1
 
116	 3	 1
 
68	 3	 1
 
47	 3	 1
 
4	 3	 1
 
26	 3	 1
 
92	 3	 1
 
27	 3	 1
 
93	 3	 1
 
5	 3	 1
 
48	 3	 1
 
49	 3	 1
 
28	 3	 1
 
94	 3	 1
 
29	 3	 1
 
69	 3	 1
 
50	 3	 1
 
51	 3	 1
 
52	 3	 1
 
30	 3	 1
 
70	 3	 1
 
31	 3	 1
 
6	 3	 1
 
95	 3	 1
 
7	 3	 1
 
71	 3	 1
 
32	 3	 1
 
8	 3	 1
 
72	 3	 1
 
73	 3	 1
 
74	 3	 1
 
75	 3	 1
 
53	 3	 1
 
39	 3	 1
 
40	 3	 1
 
9	 3	 1
 
41	 3	 1
 
10	 3	 1
 
42	 3	 1
 
43	 3	 1
 
127	 4	 2
 
0	 7	 1
 
44	 8	 2
 
117	 8	 2
 
96	 8	 2
 
97	 8	 2
 
118	 8	 2
 
54	 8	 2
 
55	 8	 2
 
119	 8	 2
 
98	 8	 2
 
99	 8	 2
 
77	 8	 2
 
12	 8	 2
 
34	 8	 2
 
100	 8	 2
 
35	 8	 2
 
101	 8	 2
 
36	 8	 2
 
56	 8	 2
 
37	 8	 2
 
57	 8	 2
 
102	 8	 2
 
103	 8	 2
 
13	 8	 2
 
38	 8	 2
 
14	 8	 2
 
120	 8	 2
 
78	 8	 2
 
39	 8	 2
 
79	 8	 2
 
121	 8	 2
 
58	 8	 2
 
80	 8	 2
 
59	 8	 2
 
81	 8	 2
 
104	 8	 2
 
15	 8	 2
 
105	 8	 2
 
82	 8	 2
 
122	 8	 2
 
83	 8	 2
 
123	 8	 2
 
84	 8	 2
 
108	 8	 2
 
124	 8	 2
 
16	 8	 2
 
87	 8	 2
 
60	 8	 2
 
125	 8	 2
 
61	 8	 2
 
17	 8	 2
 
126	 8	 2
 
18	 8	 2
 
19	 8	 2
 
62	 8	 2
 
63	 8	 2
 
20	 8	 2
 
109	 8	 2
 
88	 8	 2
 
23	 8	 2
 
89	 8	 2
 
45	 8	 2
 
24	 8	 2
 
25	 8	 2
 
46	 8	 2
 
110	 8	 2
 
66	 8	 2
 
47	 8	 2
 
67	 8	 2
 
26	 8	 2
 
27	 8	 2
 
68	 8	 2
 
90	 8	 2
 
28	 8	 2
 
1	 8	 2
 
29	 8	 2
 
91	 8	 2
 
30	 8	 2
 
31	 8	 2
 
111	 8	 2
 
92	 8	 2
 
69	 8	 2
 
93	 8	 2
 
112	 8	 2
 
113	 8	 2
 
70	 8	 2
 
71	 8	 2
 
2	 8	 2
 
114	 8	 2
 
115	 8	 2
 
94	 8	 2
 
72	 8	 2
 
48	 8	 2
 
3	 8	 2
 
49	 8	 2
 
73	 8	 2
 
40	 8	 2
 
41	 8	 2
 
50	 8	 2
 
116	 8	 2
 
74	 8	 2
 
51	 8	 2
 
4	 8	 2
 
76	 8	 2
 
95	 8	 2
 
52	 8	 2
 
53	 8	 2
 
42	 8	 2
 
43	 8	 2
 
5	 8	 2
 
6	 8	 2
 
7	 8	 2
 
8	 8	 2
 
9	 8	 2
 
85	 8	 2
 
64	 8	 2
 
22	 8	 2
 
75	 8	 2
 
10	 8	 2
 
32	 8	 2
 
11	 8	 2
 
33	 8	 2
 
106	 8	 2
 
107	 8	 2
 
65	 8	 2
 
86	 8	 2
 
21	 8	 2
 
1	 11	 3
 
2	 11	 3
 
3	 11	 3
 
4	 11	 3
 
5	 11	 3
 
6	 11	 3
 
7	 11	 3
 
8	 12	 3
 
9	 12	 3
 
10	 12	 3
 
0	 12	 2
 
11	 12	 3
 
12	 12	 3
 
1	 13	 4
 
2	 13	 4
 
3	 13	 4
 
4	 13	 4
 
13	 13	 3
 
5	 13	 4
 
6	 13	 4
 
7	 13	 4
 
14	 13	 3
 
8	 13	 4
 
9	 13	 4
 
15	 13	 3
 
10	 13	 4
 
11	 14	 4
 
16	 14	 3
 
12	 14	 4
 
13	 14	 4
 
17	 14	 3
 
14	 15	 4
 
18	 15	 3
 
15	 15	 4
 
16	 15	 4
 
19	 15	 3
 
17	 16	 4
 
20	 16	 3
 
18	 16	 4
 
21	 17	 3
 
1	 17	 5
 
2	 17	 5
 
19	 17	 4
 
3	 17	 5
 
0	 17	 3
 
4	 17	 5
 
5	 17	 5
 
6	 17	 5
 
22	 17	 3
 
20	 18	 4
 
7	 18	 5
 
8	 18	 5
 
9	 18	 5
 
21	 18	 4
 
23	 18	 3
 
10	 18	 5
 
1	 19	 6
 
2	 19	 6
 
11	 19	 5
 
3	 19	 6
 
12	 19	 5
 
22	 19	 4
 
24	 20	 3
 
13	 20	 5
 
14	 20	 5
 
15	 20	 5
 
25	 21	 3
 
4	 21	 6
 
16	 21	 5
 
23	 21	 4
 
17	 22	 5
 
5	 22	 6
 
6	 22	 6
 
18	 22	 5
 
26	 22	 3
 
0	 22	 4
 
4	 22	 7
 
7	 22	 6
 
3	 22	 7
 
2	 22	 7
 
1	 22	 7
 
8	 23	 6
 
19	 23	 5
 
9	 23	 6
 
24	 23	 4
 
10	 23	 6
 
5	 23	 7
 
20	 24	 5
 
6	 24	 7
 
11	 24	 6
 
7	 24	 7
 
3	 24	 8
 
27	 24	 3
 
2	 24	 8
 
0	 24	 5
 
1	 24	 8
 
8	 24	 7
 
12	 24	 6
 
21	 24	 5
 
9	 24	 7
 
13	 25	 6
 
10	 25	 7
 
25	 25	 4
 
22	 25	 5
 
14	 25	 6
 
11	 25	 7
 
4	 26	 8
 
12	 26	 7
 
15	 26	 6
 
28	 26	 3
 
13	 26	 7
 
23	 26	 5
 
16	 27	 6
 
14	 27	 7
 
26	 27	 4
 
17	 27	 6
 
4	 27	 9
 
5	 27	 8
 
6	 28	 8
 
15	 28	 7
 
7	 28	 8
 
18	 28	 6
 
29	 28	 3
 
8	 28	 8
 
3	 29	 9
 
2	 29	 9
 
16	 29	 7
 
1	 29	 9
 
9	 29	 8
 
19	 29	 6
 
10	 29	 8
 
27	 30	 4
 
11	 30	 8
 
24	 30	 5
 
17	 30	 7
 
20	 30	 6
 
12	 30	 8
 
5	 31	 9
 
13	 31	 8
 
18	 31	 7
 
0	 31	 6
 
21	 31	 6
 
30	 31	 3
 
14	 31	 8
 
19	 32	 7
 
15	 32	 8
 
22	 33	 6
 
6	 33	 9
 
28	 33	 4
 
4	 33	 10
 
3	 33	 10
 
5	 33	 10
 
16	 33	 8
 
2	 33	 10
 
1	 33	 10
 
7	 33	 9
 
20	 33	 7
 
8	 34	 9
 
23	 34	 6
 
9	 34	 9
 
6	 34	 10
 
17	 34	 8
 
0	 34	 7
 
10	 34	 9
 
21	 34	 7
 
3	 35	 11
 
2	 35	 11
 
5	 35	 11
 
1	 35	 11
 
7	 35	 10
 
31	 35	 3
 
11	 35	 9
 
4	 35	 11
 
8	 35	 10
 
22	 35	 7
 
18	 35	 8
 
23	 35	 7
 
12	 35	 9
 
9	 36	 10
 
24	 36	 6
 
10	 36	 10
 
13	 36	 9
 
11	 37	 10
 
29	 37	 4
 
19	 37	 8
 
14	 37	 9
 
25	 37	 5
 
12	 37	 10
 
0	 37	 8
 
24	 37	 7
 
15	 37	 9
 
6	 38	 11
 
5	 38	 12
 
13	 38	 10
 
20	 38	 8
 
16	 38	 9
 
14	 38	 10
 
25	 38	 6
 
7	 39	 11
 
4	 39	 12
 
3	 39	 12
 
2	 39	 12
 
32	 39	 3
 
1	 39	 12
 
15	 39	 10
 
8	 39	 11
 
21	 39	 8
 
26	 39	 5
 
5	 39	 13
 
17	 39	 9
 
6	 39	 12
 
9	 40	 11
 
22	 40	 8
 
16	 40	 10
 
10	 40	 11
 
18	 40	 9
 
11	 41	 11
 
17	 41	 10
 
23	 41	 8
 
7	 41	 12
 
12	 41	 11
 
0	 42	 9
 
19	 42	 9
 
27	 42	 5
 
13	 42	 11
 
18	 42	 10
 
26	 42	 6
 
14	 43	 11
 
8	 43	 12
 
20	 43	 9
 
4	 43	 13
 
19	 43	 10
 
15	 43	 11
 
24	 43	 8
 
33	 43	 3
 
25	 44	 7
 
3	 44	 13
 
2	 44	 13
 
1	 44	 13
 
9	 44	 12
 
16	 44	 11
 
5	 44	 14
 
6	 44	 13
 
0	 44	 10
 
7	 44	 13
 
21	 45	 9
 
28	 45	 5
 
20	 45	 10
 
8	 45	 13
 
4	 45	 14
 
10	 45	 12
 
17	 45	 11
 
3	 45	 14
 
2	 45	 14
 
9	 45	 13
 
1	 46	 14
 
11	 46	 12
 
5	 46	 15
 
6	 46	 14
 
22	 46	 9
 
7	 46	 14
 
27	 46	 6
 
21	 46	 10
 
0	 46	 11
 
12	 46	 12
 
10	 46	 13
 
18	 47	 11
 
26	 47	 7
 
13	 47	 12
 
11	 47	 13
 
22	 47	 10
 
8	 48	 14
 
29	 48	 5
 
14	 48	 12
 
12	 48	 13
 
23	 48	 9
 
19	 48	 11
 
4	 48	 15
 
34	 49	 3
 
15	 49	 12
 
13	 49	 13
 
9	 49	 14
 
3	 49	 15
 
2	 49	 15
 
8	 49	 15
 
1	 49	 15
 
16	 49	 12
 
14	 49	 13
 
20	 49	 11
 
28	 50	 1
 
30	 50	 1
 
24	 50	 1
 
23	 50	 1
 
15	 50	 1
 
17	 51	 1
 
16	 51	 1
 
21	 51	 1
 
30	 51	 1
 
25	 52	 1
 
22	 52	 1
 
18	 52	 1
 
17	 52	 2
 
24	 53	 1
 
29	 54	 1
 
25	 54	 2
 
19	 54	 1
 
15	 54	 1
 
18	 54	 2
 
26	 54	 1
 
35	 54	 1
 
31	 54	 1
 
23	 54	 1
 
14	 54	 1
 
16	 55	 2
 
20	 55	 1
 
19	 55	 2
 
26	 56	 2
 
15	 56	 2
 
16	 56	 3
 
17	 56	 3
 
27	 56	 1
 
30	 57	 2
 
24	 57	 2
 
20	 57	 2
 
21	 57	 2
 
18	 58	 3
 
5	 58	 1
 
6	 58	 1
 
31	 58	 2
 
7	 58	 1
 
27	 58	 2
 
25	 58	 3
 
4	 59	 1
 
10	 59	 1
 
22	 59	 2
 
3	 59	 1
 
32	 59	 1
 
21	 59	 3
 
9	 59	 1
 
2	 59	 1
 
1	 59	 1
 
11	 59	 1
 
19	 60	 3
 
14	 60	 2
 
17	 60	 4
 
8	 60	 1
 
28	 60	 1
 
12	 60	 1
 
36	 60	 1
 
22	 60	 3
 
23	 61	 2
 
15	 61	 3
 
26	 61	 3
 
14	 61	 3
 
13	 61	 1
 
20	 61	 3
 
16	 62	 4
 
23	 62	 3
 
27	 62	 3
 
0	 62	 1
 
15	 62	 4
 
18	 63	 4
 
28	 63	 2
 
17	 63	 5
 
24	 63	 3
 
21	 63	 4
 
32	 63	 2
 
29	 64	 2
 
16	 64	 5
 
33	 64	 1
 
27	 64	 4
 
18	 64	 5
 
17	 64	 6
 
24	 65	 4
 
22	 65	 4
 
19	 65	 4
 
25	 65	 4
 
14	 66	 4
 
37	 66	 1
 
23	 66	 4
 
5	 66	 2
 
6	 66	 2
 
7	 67	 2
 
15	 67	 5
 
19	 67	 5
 
4	 67	 2
 
30	 67	 3
 
3	 67	 2
 
20	 67	 4
 
18	 67	 6
 
25	 67	 5
 
9	 67	 2
 
29	 67	 3
 
8	 67	 2
 
2	 67	 2
 
28	 67	 3
 
10	 67	 2
 
16	 68	 6
 
1	 68	 2
 
11	 68	 2
 
26	 68	 4
 
17	 68	 7
 
20	 68	 5
 
33	 69	 2
 
18	 69	 7
 
21	 69	 5
 
12	 69	 2
 
34	 69	 1
 
24	 69	 5
 
30	 69	 4
 
0	 70	 2
 
31	 70	 3
 
13	 70	 2
 
7	 70	 3
 
26	 70	 5
 
5	 70	 3
 
6	 70	 3
 
19	 70	 6
 
21	 70	 6
 
22	 71	 5
 
10	 71	 3
 
14	 71	 5
 
17	 71	 8
 
9	 71	 3
 
4	 71	 3
 
3	 71	 3
 
27	 71	 5
 
2	 72	 3
 
15	 72	 6
 
25	 72	 6
 
11	 72	 3
 
31	 72	 4
 
23	 72	 5
 
1	 72	 3
 
8	 72	 3
 
19	 72	 7
 
22	 72	 6
 
14	 72	 6
 
20	 72	 6
 
38	 72	 1
 
12	 72	 3
 
16	 73	 7
 
15	 73	 7
 
23	 74	 6
 
30	 74	 5
 
34	 74	 2
 
13	 74	 3
 
27	 74	 6
 
29	 74	 4
 
16	 74	 8
 
28	 74	 4
 
21	 74	 7
 
17	 74	 9
 
10	 75	 4
 
26	 75	 6
 
35	 75	 2
 
31	 75	 5
 
18	 75	 8
 
24	 75	 6
 
32	 75	 3
 
7	 75	 4
 
20	 76	 7
 
22	 76	 7
 
17	 76	 10
 
28	 76	 5
 
23	 76	 7
 
6	 76	 4
 
5	 76	 4
 
31	 76	 6
 
14	 76	 7
 
11	 77	 4
 
18	 77	 9
 
9	 77	 4
 
15	 77	 8
 
24	 77	 7
 
22	 77	 8
 
19	 77	 8
 
12	 78	 4
 
4	 78	 4
 
23	 78	 8
 
7	 78	 5
 
8	 78	 4
 
25	 78	 7
 
16	 78	 9
 
6	 78	 5
 
3	 78	 4
 
5	 78	 5
 
21	 78	 8
 
27	 78	 7
 
32	 78	 4
 
29	 78	 5
 
10	 78	 5
 
39	 79	 1
 
2	 79	 4
 
9	 79	 5
 
20	 79	 8
 
19	 79	 9
 
1	 79	 4
 
11	 79	 5
 
25	 80	 8
 
35	 80	 3
 
0	 80	 3
 
7	 80	 6
 
10	 80	 6
 
29	 80	 6
 
17	 80	 11
 
12	 80	 5
 
18	 80	 10
 
4	 80	 5
 
13	 80	 4
 
28	 80	 6
 
33	 81	 3
 
3	 81	 5
 
20	 81	 9
 
36	 81	 2
 
26	 81	 7
 
24	 81	 8
 
8	 81	 5
 
2	 81	 5
 
11	 81	 6
 
21	 81	 9
 
6	 81	 6
 
14	 81	 8
 
5	 81	 6
 
15	 81	 9
 
30	 81	 6
 
16	 81	 10
 
1	 82	 5
 
9	 82	 6
 
12	 82	 6
 
18	 82	 11
 
26	 82	 8
 
32	 82	 5
 
24	 83	 9
 
21	 83	 10
 
7	 83	 7
 
13	 83	 5
 
14	 83	 9
 
15	 83	 10
 
6	 83	 7
 
5	 83	 7
 
25	 83	 9
 
30	 83	 7
 
19	 83	 10
 
22	 83	 9
 
0	 84	 4
 
9	 84	 7
 
4	 84	 6
 
23	 84	 9
 
16	 84	 11
 
33	 84	 4
 
3	 84	 6
 
10	 84	 7
 
27	 84	 8
 
7	 85	 8
 
2	 85	 6
 
20	 85	 10
 
40	 85	 1
 
25	 85	 10
 
17	 85	 12
 
1	 85	 6
 
11	 85	 7
 
22	 85	 10
 
8	 85	 6
 
12	 86	 7
 
29	 86	 7
 
36	 86	 3
 
16	 86	 12
 
23	 86	 10
 
34	 86	 3
 
27	 86	 9
 
15	 86	 11
 
26	 86	 9
 
31	 86	 7
 
13	 86	 6
 
17	 86	 13
 
21	 86	 11
 
14	 87	 10
 
28	 87	 7
 
37	 87	 2
 
30	 87	 8
 
18	 87	 12
 
11	 87	 8
 
12	 87	 8
 
15	 88	 12
 
1	 88	 7
 
26	 88	 10
 
4	 88	 7
 
3	 88	 7
 
21	 88	 12
 
23	 88	 11
 
24	 88	 10
 
28	 88	 8
 
19	 88	 11
 
2	 88	 7
 
18	 89	 13
 
0	 89	 5
 
30	 89	 9
 
16	 89	 13
 
6	 89	 8
 
20	 89	 11
 
7	 89	 9
 
8	 89	 7
 
5	 89	 8
 
9	 89	 8
 
10	 89	 8
 
31	 89	 8
 
22	 89	 11
 
33	 89	 5
 
4	 90	 8
 
34	 90	 4
 
13	 90	 7
 
14	 90	 11
 
19	 90	 12
 
32	 90	 6
 
23	 90	 12
 
24	 90	 11
 
3	 90	 8
 
27	 90	 10
 
17	 90	 14
 
16	 90	 14
 
11	 90	 9
 
6	 91	 9
 
20	 91	 12
 
7	 91	 10
 
8	 91	 8
 
9	 91	 9
 
10	 91	 9
 
5	 91	 9
 
41	 91	 1
 
2	 91	 8
 
25	 91	 11
 
12	 91	 9
 
13	 91	 8
 
32	 92	 7
 
28	 92	 9
 
29	 92	 8
 
35	 92	 4
 
37	 92	 3
 
11	 92	 10
 
1	 92	 8
 
3	 92	 9
 
2	 93	 9
 
14	 93	 12
 
4	 93	 9
 
12	 93	 10
 
18	 93	 14
 
38	 93	 2
 
25	 93	 12
 
21	 93	 13
 
28	 93	 10
 
15	 93	 13
 
20	 94	 13
 
31	 94	 9
 
1	 94	 9
 
19	 94	 13
 
0	 94	 6
 
17	 94	 15
 
3	 94	 10
 
26	 94	 11
 
29	 94	 9
 
14	 94	 13
 
13	 94	 9
 
4	 94	 10
 
22	 94	 12
 
24	 94	 12
 
10	 94	 10
 
6	 95	 10
 
21	 95	 14
 
5	 95	 10
 
9	 95	 10
 
8	 95	 9
 
27	 95	 11
 
20	 95	 14
 
23	 95	 13
 
32	 95	 8
 
16	 95	 15
 
7	 95	 11
 
15	 95	 14
 
0	 95	 7
 
35	 96	 5
 
13	 96	 10
 
30	 96	 10
 
34	 96	 5
 
22	 96	 13
 
26	 96	 12
 
33	 96	 6
 
2	 96	 10
 
11	 96	 11
 
17	 96	 16
 
10	 96	 11
 
16	 97	 16
 
25	 97	 13
 
23	 97	 14
 
32	 97	 9
 
27	 97	 12
 
42	 97	 1
 
12	 97	 11
 
2	 98	 11
 
36	 98	 4
 
18	 98	 15
 
14	 98	 14
 
19	 98	 14
 
38	 98	 3
 
29	 98	 10
 
1	 98	 10
 
17	 98	 17
 
3	 99	 11
 
33	 99	 7
 
30	 99	 11
 
15	 99	 15
 
39	 99	 2
 
21	 99	 15
 
27	 99	 13
 
18	 99	 16
 
14	 99	 15
 
6	 99	 11
 
23	 99	 15
 
5	 100	 1
 
24	 100	 1
 
22	 100	 1
 
19	 100	 1
 
31	 100	 1
 
26	 100	 1
 
28	 100	 1
 
27	 101	 1
 
23	 101	 1
 
20	 101	 1
 
24	 101	 1
 
33	 101	 1
 
34	 102	 1
 
31	 102	 1
 
36	 102	 1
 
25	 102	 1
 
19	 102	 1
 
17	 102	 1
 
22	 102	 1
 
20	 103	 2
 
9	 103	 1
 
29	 103	 1
 
30	 103	 1
 
28	 103	 1
 
18	 103	 1
 
43	 103	 1
 
25	 104	 2
 
21	 104	 1
 
19	 104	 2
 
8	 104	 1
 
37	 104	 1
 
34	 104	 2
 
39	 104	 1
 
17	 104	 2
 
35	 104	 1
 
29	 105	 2
 
32	 105	 1
 
31	 105	 2
 
26	 105	 1
 
27	 105	 2
 
24	 105	 2
 
21	 105	 2
 
40	 105	 1
 
33	 105	 2
 
22	 106	 2
 
23	 106	 2
 
20	 106	 3
 
26	 107	 2
 
28	 107	 2
 
27	 107	 3
 
31	 107	 3
 
34	 107	 3
 
25	 107	 3
 
18	 107	 2
 
22	 108	 3
 
33	 108	 3
 
37	 108	 2
 
35	 108	 2
 
29	 108	 3
 
32	 108	 2
 
13	 108	 1
 
24	 108	 3
 
17	 108	 3
 
30	 108	 2
 
15	 108	 1
 
20	 109	 4
 
23	 109	 3
 
19	 109	 3
 
25	 109	 4
 
18	 109	 3
 
21	 109	 3
 
34	 109	 4
 
35	 110	 3
 
29	 110	 4
 
44	 110	 1
 
17	 110	 4
 
16	 110	 1
 
26	 110	 3
 
38	 110	 1
 
30	 110	 3
 
40	 110	 2
 
27	 110	 4
 
14	 111	 1
 
23	 111	 4
 
36	 111	 2
 
19	 111	 4
 
33	 111	 4
 
24	 111	 4
 
28	 111	 3
 
22	 112	 4
 
41	 112	 1
 
32	 112	 3
 
26	 112	 4
 
18	 112	 4
 
27	 112	 5
 
33	 112	 5
 
11	 112	 1
 
10	 113	 1
 
20	 113	 5
 
24	 113	 5
 
28	 113	 4
 
9	 113	 2
 
7	 113	 1
 
8	 113	 2
 
12	 113	 1
 
1	 113	 1
 
31	 113	 4
 
19	 113	 5
 
23	 113	 5
 
18	 113	 5
 
30	 114	 4
 
6	 114	 1
 
38	 114	 2
 
21	 114	 4
 
36	 114	 3
 
20	 114	 6
 
11	 114	 2
 
5	 114	 1
 
35	 114	 4
 
25	 114	 5
 
13	 115	 2
 
19	 115	 6
 
23	 115	 6
 
17	 115	 5
 
34	 115	 5
 
30	 115	 5
 
7	 115	 2
 
4	 115	 1
 
21	 116	 5
 
10	 116	 2
 
14	 116	 2
 
22	 116	 5
 
12	 116	 2
 
36	 116	 4
 
45	 116	 1
 
28	 116	 5
 
5	 116	 2
 
25	 116	 6
 
39	 116	 2
 
15	 116	 2
 
31	 116	 5
 
6	 116	 2
 
29	 116	 5
 
24	 116	 6
 
41	 117	 2
 
33	 117	 6
 
32	 117	 4
 
34	 117	 6
 
3	 117	 1
 
37	 117	 3
 
9	 117	 3
 
26	 117	 5
 
27	 117	 6
 
22	 118	 6
 
8	 118	 3
 
16	 118	 2
 
28	 118	 6
 
42	 118	 1
 
24	 118	 7
 
20	 118	 7
 
32	 118	 5
 
2	 119	 1
 
17	 119	 6
 
4	 119	 2
 
21	 119	 6
 
11	 119	 3
 
29	 119	 6
 
13	 119	 3
 
18	 119	 6
 
26	 120	 6
 
23	 120	 7
 
12	 120	 3
 
31	 120	 6
 
25	 120	 7
 
39	 120	 3
 
3	 120	 2
 
36	 120	 5
 
37	 120	 4
 
35	 120	 5
 
19	 120	 7
 
22	 120	 7
 
15	 120	 3
 
10	 121	 3
 
34	 121	 7
 
21	 121	 7
 
17	 121	 7
 
14	 121	 3
 
7	 121	 3
 
18	 121	 7
 
30	 121	 6
 
27	 121	 7
 
23	 121	 8
 
6	 122	 3
 
33	 122	 7
 
1	 122	 2
 
22	 122	 8
 
32	 122	 6
 
19	 122	 8
 
35	 122	 6
 
37	 122	 5
 
16	 122	 3
 
46	 122	 1
 
29	 122	 7
 
40	 122	 3
 
5	 123	 3
 
2	 123	 2
 
42	 123	 2
 
24	 123	 8
 
27	 123	 8
 
20	 123	 8
 
26	 123	 7
 
38	 123	 3
 
33	 123	 8
 
34	 123	 8
 
30	 124	 7
 
28	 124	 7
 
9	 124	 4
 
43	 124	 2
 
10	 124	 4
 
11	 124	 4
 
0	 124	 1
 
32	 124	 7
 
12	 124	 4
 
8	 124	 4
 
4	 124	 3
 
18	 125	 8
 
31	 125	 7
 
20	 125	 9
 
25	 125	 8
 
17	 125	 8
 
24	 125	 9
 
19	 125	 9
 
13	 125	 4
 
7	 125	 4
 
3	 125	 3
 
10	 126	 5
 
36	 126	 6
 
11	 126	 5
 
9	 126	 5
 
23	 126	 9
 
35	 126	 7
 
12	 126	 5
 
21	 126	 8
 
14	 126	 4
 
6	 126	 4
 
31	 126	 8
 
25	 126	 9
 
8	 126	 5
 
40	 126	 4
 
38	 127	 4
 
37	 127	 6
 
19	 127	 10
 
7	 127	 5
 
28	 127	 8
 
15	 127	 4
 
29	 127	 8
 
33	 127	 9
 
27	 127	 9
 
26	 127	 8
 
30	 127	 8
 
36	 127	 7
 
35	 127	 8
 
18	 128	 9
 
21	 128	 9
 
6	 128	 5
 
5	 128	 4
 
13	 128	 5
 
22	 128	 9
 
1	 128	 3
 
34	 128	 9
 
16	 128	 4
 
20	 128	 10
 
38	 128	 5
 
47	 128	 1
 
33	 129	 10
 
29	 129	 9
 
41	 129	 3
 
26	 129	 9
 
24	 129	 10
 
17	 129	 9
 
43	 129	 3
 
4	 129	 4
 
14	 129	 5
 
15	 129	 5
 
39	 129	 4
 
34	 129	 10
 
28	 129	 9
 
25	 130	 10
 
22	 130	 10
 
31	 130	 9
 
32	 130	 8
 
2	 130	 3
 
9	 130	 6
 
20	 130	 11
 
5	 130	 5
 
12	 130	 6
 
10	 130	 6
 
11	 130	 6
 
44	 130	 2
 
23	 130	 10
 
17	 131	 10
 
8	 131	 6
 
4	 131	 5
 
18	 131	 10
 
3	 131	 4
 
36	 131	 8
 
25	 131	 11
 
16	 131	 5
 
21	 131	 10
 
30	 132	 9
 
32	 132	 9
 
27	 132	 10
 
13	 132	 6
 
29	 132	 10
 
37	 132	 7
 
26	 132	 10
 
31	 132	 10
 
7	 132	 6
 
23	 132	 11
 
18	 132	 11
 
19	 132	 11
 
3	 132	 5
 
36	 133	 9
 
41	 133	 4
 
39	 133	 5
 
15	 133	 6
 
38	 133	 6
 
6	 133	 6
 
30	 133	 10
 
22	 133	 11
 
27	 133	 11
 
29	 133	 11
 
26	 133	 11
 
34	 133	 11
 
24	 133	 11
 
14	 133	 6
 
37	 133	 8
 
28	 134	 10
 
2	 134	 4
 
19	 134	 12
 
17	 134	 11
 
5	 135	 6
 
0	 135	 2
 
35	 135	 9
 
39	 135	 6
 
48	 135	 1
 
20	 135	 12
 
32	 135	 10
 
42	 135	 3
 
24	 135	 12
 
12	 135	 7
 
33	 135	 11
 
44	 135	 3
 
9	 135	 7
 
22	 135	 12
 
16	 135	 6
 
28	 135	 11
 
2	 136	 5
 
40	 136	 5
 
23	 136	 12
 
11	 136	 7
 
10	 136	 7
 
4	 136	 6
 
21	 136	 11
 
18	 136	 12
 
20	 136	 13
 
27	 136	 12
 
13	 136	 7
 
30	 136	 11
 
45	 137	 2
 
32	 137	 11
 
25	 137	 12
 
12	 137	 8
 
8	 137	 7
 
9	 137	 8
 
31	 137	 11
 
37	 137	 9
 
1	 137	 4
 
15	 137	 7
 
34	 137	 12
 
14	 137	 7
 
11	 138	 8
 
10	 138	 8
 
23	 138	 13
 
21	 138	 12
 
19	 138	 13
 
38	 138	 7
 
3	 138	 6
 
13	 138	 8
 
27	 138	 13
 
35	 138	 10
 
30	 138	 12
 
7	 138	 7
 
17	 138	 12
 
8	 138	 8
 
18	 138	 13
 
28	 138	 12
 
25	 139	 13
 
24	 139	 13
 
37	 139	 10
 
15	 139	 8
 
33	 139	 12
 
14	 139	 8
 
42	 139	 4
 
40	 139	 6
 
31	 139	 12
 
26	 139	 12
 
39	 139	 7
 
22	 139	 13
 
29	 139	 12
 
16	 139	 7
 
6	 140	 7
 
38	 140	 8
 
28	 140	 13
 
34	 140	 13
 
36	 140	 10
 
7	 140	 8
 
12	 140	 9
 
17	 140	 13
 
20	 140	 14
 
24	 140	 14
 
22	 141	 14
 
9	 141	 9
 
16	 141	 8
 
40	 141	 7
 
49	 141	 1
 
1	 141	 5
 
43	 141	 4
 
21	 141	 13
 
5	 141	 7
 
35	 141	 11
 
2	 141	 6
 
6	 141	 8
 
26	 141	 13
 
45	 142	 3
 
11	 142	 9
 
10	 142	 9
 
19	 142	 14
 
34	 142	 14
 
41	 142	 5
 
33	 142	 13
 
13	 142	 9
 
31	 142	 13
 
23	 142	 14
 
12	 142	 10
 
25	 142	 14
 
0	 142	 3
 
29	 142	 13
 
18	 142	 14
 
8	 142	 9
 
15	 142	 9
 
32	 142	 12
 
9	 142	 10
 
17	 143	 14
 
5	 143	 8
 
46	 143	 2
 
21	 143	 14
 
14	 143	 9
 
38	 143	 9
 
23	 143	 15
 
27	 143	 14
 
31	 144	 14
 
18	 144	 15
 
19	 144	 15
 
4	 144	 7
 
36	 144	 11
 
30	 144	 13
 
15	 144	 10
 
39	 144	 8
 
26	 144	 14
 
7	 144	 9
 
17	 144	 15
 
8	 144	 10
 
29	 144	 14
 
22	 145	 15
 
34	 145	 15
 
24	 145	 15
 
38	 145	 10
 
16	 145	 9
 
43	 145	 5
 
20	 145	 15
 
41	 145	 6
 
32	 145	 13
 
40	 145	 8
 
27	 146	 15
 
28	 146	 14
 
35	 146	 12
 
6	 146	 9
 
4	 146	 8
 
39	 146	 9
 
13	 146	 10
 
34	 146	 16
 
25	 146	 15
 
37	 146	 11
 
19	 146	 16
 
33	 146	 14
 
24	 146	 16
 
10	 147	 10
 
11	 147	 10
 
26	 147	 15
 
3	 147	 7
 
20	 147	 16
 
30	 147	 14
 
41	 147	 7
 
50	 147	 1
 
44	 147	 4
 
35	 147	 13
 
5	 147	 9
 
36	 148	 12
 
32	 148	 14
 
23	 148	 16
 
25	 148	 16
 
19	 148	 17
 
46	 148	 3
 
21	 148	 15
 
18	 148	 16
 
28	 148	 15
 
33	 148	 15
 
42	 148	 5
 
17	 148	 16
 
12	 148	 11
 
11	 148	 11
 
13	 149	 11
 
14	 149	 10
 
29	 149	 15
 
27	 149	 16
 
22	 149	 16
 
31	 149	 15
 
10	 149	 11
 
47	 149	 2
 
3	 149	 8
 
30	 149	 15
 
21	 149	 16
 
9	 150	 1
 
39	 150	 1
 
26	 150	 1
 
37	 150	 1
 
28	 150	 1
 
40	 150	 1
 
25	 151	 1
 
22	 151	 1
 
24	 151	 1
 
29	 151	 1
 
15	 151	 1
 
35	 151	 1
 
31	 151	 1
 
39	 151	 1
 
0	 151	 1
 
26	 151	 1
 
44	 151	 1
 
33	 151	 1
 
42	 152	 1
 
41	 152	 1
 
34	 152	 1
 
36	 152	 1
 
25	 152	 2
 
40	 152	 1
 
32	 152	 1
 
23	 152	 1
 
38	 152	 1
 
27	 152	 1
 
35	 153	 2
 
28	 153	 1
 
33	 153	 2
 
42	 153	 2
 
51	 153	 1
 
22	 154	 2
 
36	 154	 2
 
37	 154	 1
 
45	 154	 1
 
29	 154	 2
 
31	 154	 2
 
30	 154	 1
 
32	 154	 2
 
23	 154	 2
 
47	 154	 1
 
34	 154	 2
 
26	 154	 2
 
27	 154	 2
 
43	 154	 1
 
28	 155	 2
 
24	 155	 2
 
29	 155	 3
 
21	 155	 1
 
22	 155	 3
 
48	 155	 1
 
30	 156	 2
 
26	 156	 3
 
31	 156	 3
 
40	 156	 2
 
38	 156	 2
 
16	 156	 1
 
41	 157	 2
 
27	 157	 3
 
24	 157	 3
 
34	 157	 3
 
36	 157	 3
 
32	 157	 3
 
23	 157	 3
 
40	 157	 3
 
25	 158	 3
 
45	 158	 2
 
43	 158	 2
 
42	 158	 3
 
37	 158	 2
 
17	 158	 1
 
28	 158	 3
 
27	 158	 4
 
41	 158	 3
 
34	 159	 4
 
39	 159	 2
 
35	 159	 3
 
30	 159	 3
 
32	 159	 4
 
36	 159	 4
 
33	 159	 3
 
23	 159	 4
 
19	 159	 1
 
21	 159	 2
 
18	 160	 1
 
43	 160	 3
 
25	 160	 4
 
28	 160	 4
 
52	 160	 1
 
37	 160	 3
 
38	 160	 3
 
46	 160	 1
 
20	 160	 1
 
31	 160	 4
 
30	 160	 4
 
24	 160	 4
 
48	 160	 2
 
44	 161	 2
 
29	 161	 4
 
22	 161	 4
 
26	 161	 4
 
49	 162	 1
 
31	 162	 5
 
21	 162	 3
 
24	 162	 5
 
41	 162	 4
 
33	 162	 4
 
35	 162	 4
 
14	 162	 1
 
13	 162	 1
 
39	 162	 3
 
25	 163	 5
 
22	 163	 5
 
15	 163	 2
 
12	 163	 1
 
42	 163	 4
 
28	 163	 5
 
1	 163	 1
 
29	 163	 5
 
37	 163	 4
 
11	 163	 1
 
16	 163	 2
 
27	 164	 5
 
41	 164	 5
 
26	 164	 5
 
23	 164	 5
 
46	 164	 2
 
10	 164	 1
 
44	 164	 3
 
34	 164	 5
 
43	 164	 4
 
38	 164	 4
 
17	 164	 2
 
25	 164	 6
 
28	 164	 6
 
0	 165	 2
 
32	 165	 5
 
42	 165	 5
 
36	 165	 5
 
33	 165	 5
 
40	 165	 4
 
37	 165	 5
 
31	 165	 6
 
35	 165	 5
 
9	 165	 1
 
29	 165	 6
 
23	 165	 6
 
4	 166	 1
 
27	 166	 6
 
21	 166	 4
 
30	 166	 5
 
18	 166	 2
 
44	 166	 4
 
38	 166	 5
 
53	 166	 1
 
47	 166	 2
 
22	 166	 6
 
39	 166	 4
 
34	 166	 6
 
49	 167	 2
 
24	 167	 6
 
26	 167	 6
 
45	 167	 3
 
31	 167	 7
 
8	 167	 1
 
19	 167	 2
 
16	 167	 3
 
32	 168	 6
 
50	 168	 1
 
17	 168	 3
 
14	 168	 2
 
29	 168	 7
 
27	 168	 7
 
15	 168	 3
 
24	 168	 7
 
36	 168	 6
 
42	 168	 6
 
20	 169	 2
 
30	 169	 6
 
13	 169	 2
 
40	 169	 5
 
33	 169	 6
 
34	 169	 7
 
43	 169	 5
 
35	 169	 6
 
25	 169	 7
 
7	 169	 1
 
3	 169	 1
 
26	 169	 7
 
28	 170	 7
 
38	 170	 6
 
23	 170	 7
 
22	 170	 7
 
27	 170	 8
 
21	 170	 5
 
32	 170	 7
 
42	 170	 7
 
47	 170	 3
 
45	 170	 4
 
44	 170	 5
 
39	 171	 5
 
29	 171	 8
 
33	 171	 7
 
34	 171	 8
 
25	 171	 8
 
18	 171	 3
 
43	 171	 6
 
12	 171	 2
 
30	 171	 7
 
37	 171	 6
 
35	 171	 7
 
36	 171	 7
 
38	 171	 7
 
41	 171	 6
 
21	 171	 6
 
31	 172	 8
 
10	 172	 2
 
28	 172	 8
 
19	 172	 3
 
22	 172	 8
 
26	 172	 8
 
45	 172	 5
 
54	 172	 1
 
39	 172	 6
 
6	 172	 1
 
11	 172	 2
 
24	 172	 8
 
48	 172	 3
 
40	 173	 6
 
29	 173	 9
 
9	 173	 2
 
20	 173	 3
 
50	 173	 2
 
46	 173	 3
 
31	 173	 9
 
8	 173	 2
 
26	 174	 9
 
22	 174	 9
 
51	 174	 2
 
33	 174	 8
 
23	 174	 8
 
35	 174	 8
 
25	 174	 9
 
14	 174	 3
 
32	 174	 8
 
37	 174	 7
 
15	 174	 4
 
16	 175	 4
 
43	 175	 7
 
17	 175	 4
 
13	 175	 3
 
29	 175	 10
 
30	 175	 8
 
7	 175	 2
 
27	 175	 9
 
41	 175	 7
 
36	 175	 8
 
28	 175	 9
 
44	 175	 6
 
21	 175	 7
 
34	 175	 9
 
33	 176	 9
 
12	 176	 3
 
35	 176	 9
 
39	 176	 7
 
5	 176	 1
 
23	 176	 9
 
2	 176	 1
 
32	 176	 9
 
43	 176	 8
 
16	 176	 5
 
29	 176	 11
 
17	 176	 5
 
31	 176	 10
 
48	 176	 4
 
26	 176	 10
 
46	 177	 4
 
30	 177	 9
 
25	 177	 10
 
45	 177	 6
 
22	 177	 10
 
27	 177	 10
 
11	 177	 3
 
40	 177	 7
 
36	 177	 9
 
18	 177	 4
 
24	 177	 9
 
44	 177	 7
 
34	 177	 10
 
38	 177	 8
 
6	 177	 2
 
37	 177	 8
 
42	 177	 8
 
39	 178	 8
 
14	 178	 4
 
15	 178	 5
 
26	 178	 11
 
10	 178	 3
 
22	 178	 11
 
31	 178	 11
 
19	 178	 4
 
46	 178	 5
 
55	 178	 1
 
40	 178	 8
 
13	 178	 4
 
49	 179	 3
 
24	 179	 10
 
41	 179	 8
 
28	 179	 10
 
51	 179	 3
 
23	 179	 10
 
47	 179	 4
 
20	 179	 4
 
5	 179	 2
 
32	 179	 10
 
27	 180	 11
 
29	 180	 12
 
30	 180	 10
 
12	 180	 4
 
21	 180	 8
 
17	 180	 6
 
9	 180	 3
 
18	 180	 5
 
52	 180	 2
 
36	 180	 10
 
16	 180	 6
 
28	 181	 11
 
34	 181	 11
 
25	 181	 11
 
38	 181	 9
 
44	 181	 8
 
11	 181	 4
 
32	 181	 11
 
33	 181	 10
 
23	 181	 11
 
29	 181	 13
 
42	 181	 9
 
27	 181	 12
 
30	 181	 11
 
37	 181	 9
 
35	 181	 10
 
19	 182	 5
 
45	 182	 7
 
20	 182	 5
 
21	 182	 9
 
17	 182	 7
 
36	 182	 11
 
24	 182	 11
 
40	 182	 9
 
25	 182	 12
 
44	 182	 9
 
10	 183	 4
 
49	 183	 4
 
31	 183	 12
 
8	 183	 3
 
47	 183	 5
 
4	 183	 2
 
15	 183	 6
 
46	 183	 6
 
14	 183	 5
 
37	 183	 10
 
41	 183	 9
 
45	 183	 8
 
39	 183	 9
 
38	 183	 10
 
26	 183	 12
 
28	 184	 12
 
43	 184	 9
 
24	 184	 12
 
22	 184	 12
 
40	 184	 10
 
33	 184	 11
 
34	 184	 12
 
35	 184	 11
 
31	 184	 13
 
21	 184	 10
 
13	 185	 5
 
47	 185	 6
 
56	 185	 1
 
41	 185	 10
 
18	 185	 6
 
50	 185	 3
 
9	 185	 4
 
29	 185	 14
 
20	 185	 6
 
42	 185	 10
 
28	 185	 13
 
22	 185	 13
 
52	 185	 3
 
48	 186	 5
 
26	 186	 13
 
16	 186	 7
 
2	 186	 2
 
21	 186	 11
 
5	 186	 3
 
25	 186	 13
 
33	 186	 12
 
19	 186	 6
 
23	 186	 12
 
7	 186	 3
 
32	 186	 12
 
35	 186	 12
 
34	 186	 13
 
37	 187	 11
 
53	 187	 2
 
29	 187	 15
 
27	 187	 13
 
30	 187	 12
 
39	 187	 10
 
8	 187	 4
 
45	 187	 9
 
36	 187	 12
 
38	 187	 11
 
16	 187	 8
 
15	 187	 7
 
43	 188	 10
 
31	 188	 14
 
14	 188	 6
 
23	 188	 13
 
46	 188	 7
 
37	 188	 12
 
17	 188	 8
 
41	 188	 11
 
34	 188	 14
 
4	 188	 3
 
26	 189	 14
 
13	 189	 6
 
45	 189	 10
 
12	 189	 5
 
27	 189	 14
 
20	 189	 7
 
24	 189	 13
 
50	 189	 4
 
32	 189	 13
 
48	 189	 6
 
15	 189	 8
 
47	 189	 7
 
18	 189	 7
 
38	 189	 12
 
14	 189	 7
 
22	 189	 14
 
42	 189	 11
 
30	 190	 13
 
46	 190	 8
 
39	 190	 11
 
40	 190	 11
 
7	 190	 4
 
44	 190	 10
 
41	 190	 12
 
36	 190	 13
 
17	 190	 9
 
13	 190	 7
 
11	 190	 5
 
33	 190	 13
 
19	 190	 7
 
35	 190	 13
 
16	 190	 9
 
25	 191	 14
 
24	 191	 14
 
26	 191	 15
 
28	 191	 14
 
12	 191	 6
 
18	 191	 8
 
29	 191	 16
 
34	 191	 15
 
31	 191	 15
 
48	 191	 7
 
57	 191	 1
 
42	 191	 12
 
51	 191	 4
 
32	 191	 14
 
43	 191	 11
 
20	 191	 8
 
27	 191	 15
 
30	 191	 14
 
53	 192	 3
 
6	 192	 3
 
23	 192	 14
 
49	 192	 5
 
19	 192	 8
 
16	 192	 10
 
33	 192	 14
 
35	 192	 14
 
25	 192	 15
 
11	 192	 6
 
21	 192	 12
 
34	 192	 16
 
36	 193	 14
 
38	 193	 13
 
54	 193	 2
 
31	 193	 16
 
20	 193	 9
 
40	 193	 12
 
28	 193	 15
 
10	 193	 5
 
37	 193	 13
 
46	 193	 9
 
27	 193	 16
 
39	 194	 12
 
44	 194	 11
 
3	 194	 2
 
15	 194	 9
 
47	 194	 8
 
38	 194	 14
 
17	 194	 10
 
21	 194	 13
 
32	 194	 15
 
12	 194	 7
 
14	 194	 8
 
24	 194	 15
 
30	 194	 15
 
22	 195	 15
 
42	 195	 13
 
29	 195	 17
 
46	 195	 10
 
26	 195	 16
 
25	 195	 16
 
51	 195	 5
 
49	 195	 6
 
33	 195	 15
 
18	 195	 9
 
31	 195	 17
 
10	 195	 6
 
39	 195	 13
 
48	 195	 8
 
35	 195	 15
 
13	 196	 8
 
43	 196	 12
 
6	 196	 4
 
28	 196	 16
 
40	 196	 13
 
47	 196	 9
 
41	 196	 13
 
11	 196	 7
 
45	 196	 11
 
12	 196	 8
 
37	 196	 14
 
30	 196	 16
 
22	 196	 16
 
42	 196	 14
 
32	 196	 16
 
20	 196	 10
 
19	 196	 9
 
36	 196	 15
 
29	 196	 18
 
26	 197	 17
 
25	 197	 17
 
7	 197	 5
 
33	 197	 16
 
9	 197	 5
 
34	 197	 17
 
31	 197	 18
 
23	 197	 15
 
35	 197	 16
 
49	 197	 7
 
58	 197	 1
 
21	 197	 14
 
43	 197	 13
 
52	 197	 4
 
44	 198	 12
 
11	 198	 8
 
27	 198	 17
 
54	 198	 3
 
20	 198	 11
 
50	 198	 5
 
36	 198	 16
 
34	 198	 18
 
37	 199	 15
 
23	 199	 16
 
21	 199	 15
 
39	 199	 14
 
55	 199	 2
 
32	 199	 17
 
24	 199	 16
 
27	 199	 18
 
41	 199	 14
 
28	 199	 17
 
29	 199	 19
 
10	 199	 7
 
38	 200	 1
 
22	 200	 1
 
16	 200	 1
 
47	 200	 1
 
40	 200	 1
 
45	 200	 1
 
30	 200	 1
 
26	 200	 1
 
48	 200	 1
 
39	 200	 1
 
32	 201	 1
 
31	 201	 1
 
43	 201	 1
 
28	 201	 1
 
29	 201	 1
 
47	 201	 1
 
52	 201	 1
 
50	 202	 1
 
30	 202	 1
 
36	 202	 1
 
40	 202	 1
 
49	 202	 1
 
44	 202	 1
 
33	 202	 1
 
41	 202	 1
 
34	 202	 1
 
48	 202	 1
 
35	 202	 1
 
42	 202	 1
 
38	 202	 1
 
31	 202	 2
 
46	 202	 1
 
37	 202	 1
 
27	 203	 1
 
43	 203	 2
 
36	 203	 2
 
50	 203	 2
 
59	 203	 1
 
44	 203	 2
 
25	 204	 1
 
53	 204	 1
 
34	 204	 2
 
45	 204	 1
 
32	 204	 2
 
55	 204	 1
 
37	 204	 2
 
28	 204	 2
 
27	 204	 2
 
51	 204	 1
 
26	 205	 1
 
33	 205	 2
 
38	 205	 2
 
40	 205	 2
 
35	 205	 2
 
30	 205	 2
 
56	 205	 1
 
32	 206	 3
 
42	 206	 2
 
28	 206	 3
 
39	 206	 1
 
48	 206	 2
 
25	 206	 2
 
41	 206	 2
 
31	 206	 3
 
46	 206	 2
 
29	 206	 2
 
26	 206	 2
 
49	 207	 2
 
40	 207	 3
 
33	 207	 3
 
44	 207	 3
 
35	 207	 3
 
48	 207	 3
 
37	 208	 3
 
31	 208	 4
 
53	 208	 2
 
51	 208	 2
 
41	 208	 3
 
50	 208	 3
 
45	 208	 2
 
36	 208	 3
 
42	 208	 3
 
49	 208	 3
 
43	 208	 3
 
38	 208	 3
 
39	 209	 2
 
47	 209	 2
 
29	 209	 3
 
34	 209	 3
 
44	 209	 4
 
26	 209	 3
 
37	 209	 4
 
30	 209	 3
 
33	 209	 4
 
51	 210	 3
 
27	 210	 3
 
60	 210	 1
 
45	 210	 3
 
54	 210	 1
 
32	 210	 4
 
35	 210	 4
 
38	 210	 4
 
46	 210	 3
 
22	 210	 1
 
25	 210	 3
 
56	 210	 2
 
26	 210	 4
 
52	 211	 2
 
30	 211	 4
 
39	 211	 3
 
36	 211	 4
 
21	 211	 1
 
28	 211	 4
 
41	 211	 4
 
29	 211	 4
 
34	 211	 4
 
57	 212	 1
 
23	 212	 1
 
27	 212	 4
 
43	 212	 4
 
40	 212	 4
 
32	 212	 5
 
35	 212	 5
 
49	 212	 4
 
42	 212	 4
 
47	 213	 3
 
33	 213	 5
 
31	 213	 5
 
50	 213	 4
 
41	 213	 5
 
36	 213	 5
 
24	 213	 1
 
45	 213	 4
 
38	 214	 5
 
49	 214	 5
 
34	 214	 5
 
30	 214	 5
 
54	 214	 2
 
52	 214	 3
 
42	 214	 5
 
37	 214	 5
 
51	 214	 4
 
28	 214	 5
 
33	 214	 6
 
46	 214	 4
 
43	 214	 5
 
50	 215	 5
 
44	 215	 5
 
29	 215	 5
 
25	 215	 4
 
40	 215	 5
 
39	 215	 4
 
48	 215	 4
 
27	 215	 5
 
32	 215	 6
 
45	 215	 5
 
38	 215	 6
 
30	 215	 6
 
35	 216	 6
 
28	 216	 6
 
52	 216	 4
 
61	 216	 1
 
46	 216	 5
 
31	 216	 6
 
55	 216	 2
 
36	 216	 6
 
17	 216	 1
 
26	 216	 5
 
25	 216	 5
 
29	 216	 6
 
18	 216	 1
 
47	 216	 4
 
57	 217	 2
 
39	 217	 5
 
19	 217	 1
 
53	 217	 3
 
35	 217	 7
 
16	 217	 1
 
27	 217	 6
 
40	 217	 6
 
37	 217	 6
 
20	 217	 1
 
33	 217	 7
 
42	 218	 6
 
34	 218	 6
 
58	 218	 1
 
36	 218	 7
 
10	 218	 1
 
31	 218	 7
 
44	 218	 6
 
15	 218	 1
 
41	 218	 6
 
32	 218	 7
 
24	 218	 2
 
26	 218	 6
 
50	 218	 6
 
43	 218	 6
 
48	 219	 5
 
33	 219	 8
 
51	 219	 5
 
42	 219	 7
 
37	 219	 7
 
34	 219	 7
 
29	 219	 7
 
21	 219	 2
 
28	 220	 7
 
46	 220	 6
 
14	 220	 1
 
50	 220	 7
 
39	 220	 6
 
32	 220	 8
 
38	 220	 7
 
55	 220	 3
 
22	 220	 2
 
43	 220	 7
 
53	 220	 4
 
17	 220	 2
 
19	 220	 2
 
52	 220	 5
 
35	 220	 8
 
25	 221	 6
 
47	 221	 5
 
44	 221	 7
 
26	 221	 7
 
29	 221	 8
 
30	 221	 7
 
51	 221	 6
 
18	 221	 2
 
20	 221	 2
 
45	 221	 6
 
31	 221	 8
 
41	 221	 7
 
40	 221	 7
 
49	 221	 6
 
23	 221	 2
 
27	 221	 7
 
46	 221	 7
 
28	 221	 8
 
39	 222	 7
 
36	 222	 8
 
53	 222	 5
 
35	 222	 9
 
62	 222	 1
 
37	 222	 8
 
47	 222	 6
 
56	 222	 3
 
26	 223	 8
 
34	 223	 8
 
48	 223	 6
 
13	 223	 1
 
27	 223	 8
 
58	 223	 2
 
40	 223	 8
 
31	 223	 9
 
32	 223	 9
 
54	 223	 3
 
30	 223	 8
 
16	 223	 2
 
36	 223	 9
 
38	 223	 8
 
41	 224	 8
 
22	 224	 3
 
43	 224	 8
 
37	 224	 9
 
59	 224	 2
 
34	 224	 9
 
33	 224	 9
 
23	 224	 3
 
45	 224	 7
 
42	 224	 8
 
32	 225	 10
 
24	 225	 3
 
15	 225	 2
 
51	 225	 7
 
44	 225	 8
 
21	 225	 3
 
49	 225	 7
 
9	 225	 1
 
38	 225	 9
 
52	 225	 6
 
28	 225	 9
 
43	 225	 9
 
30	 226	 9
 
25	 226	 7
 
47	 226	 7
 
29	 226	 9
 
20	 226	 3
 
51	 226	 8
 
40	 226	 9
 
56	 226	 4
 
24	 226	 4
 
44	 227	 9
 
54	 227	 4
 
12	 227	 1
 
39	 227	 8
 
27	 227	 9
 
53	 227	 6
 
19	 227	 3
 
35	 227	 10
 
14	 227	 2
 
33	 227	 10
 
48	 227	 7
 
31	 227	 10
 
28	 227	 10
 
45	 227	 8
 
36	 227	 10
 
52	 227	 7
 
26	 227	 9
 
46	 227	 8
 
25	 227	 8
 
42	 227	 9
 
50	 227	 8
 
41	 227	 9
 
47	 228	 8
 
40	 228	 10
 
23	 228	 4
 
37	 228	 10
 
38	 228	 10
 
31	 228	 11
 
54	 228	 5
 
30	 228	 10
 
63	 228	 1
 
48	 228	 8
 
57	 229	 3
 
35	 229	 11
 
27	 229	 10
 
26	 229	 10
 
49	 229	 8
 
59	 229	 3
 
41	 229	 10
 
29	 229	 10
 
33	 229	 11
 
34	 229	 10
 
22	 229	 4
 
55	 229	 4
 
13	 229	 2
 
37	 230	 11
 
32	 230	 11
 
39	 230	 9
 
42	 230	 10
 
38	 230	 11
 
44	 230	 10
 
36	 230	 11
 
60	 230	 2
 
25	 230	 9
 
18	 231	 3
 
46	 231	 9
 
43	 231	 10
 
17	 231	 3
 
29	 231	 11
 
52	 231	 8
 
24	 231	 5
 
19	 231	 4
 
45	 231	 9
 
28	 231	 11
 
50	 231	 9
 
20	 231	 4
 
33	 231	 12
 
30	 231	 11
 
35	 232	 12
 
53	 232	 7
 
44	 232	 11
 
39	 232	 10
 
26	 232	 11
 
31	 232	 12
 
25	 232	 10
 
32	 232	 12
 
12	 232	 2
 
48	 232	 9
 
34	 232	 11
 
11	 232	 1
 
21	 232	 4
 
52	 232	 9
 
18	 232	 4
 
41	 232	 11
 
17	 232	 4
 
19	 233	 5
 
36	 233	 12
 
57	 233	 4
 
45	 233	 10
 
55	 233	 5
 
40	 233	 11
 
20	 233	 5
 
54	 233	 6
 
49	 233	 9
 
16	 233	 3
 
30	 233	 12
 
46	 233	 10
 
27	 233	 11
 
37	 233	 12
 
26	 233	 12
 
53	 233	 8
 
47	 233	 9
 
43	 234	 11
 
35	 234	 13
 
42	 234	 11
 
51	 234	 9
 
48	 234	 10
 
22	 234	 5
 
41	 234	 12
 
23	 234	 5
 
29	 234	 12
 
38	 234	 12
 
34	 234	 12
 
36	 235	 13
 
39	 235	 11
 
32	 235	 13
 
55	 235	 6
 
64	 235	 1
 
49	 235	 10
 
27	 235	 12
 
58	 235	 3
 
33	 235	 13
 
50	 235	 10
 
60	 235	 3
 
42	 235	 12
 
22	 235	 6
 
15	 235	 3
 
56	 236	 5
 
28	 236	 12
 
29	 236	 13
 
23	 236	 6
 
38	 236	 13
 
31	 236	 13
 
40	 236	 12
 
43	 236	 12
 
30	 236	 13
 
21	 236	 5
 
32	 236	 14
 
39	 236	 12
 
45	 236	 11
 
33	 236	 14
 
61	 237	 2
 
36	 237	 14
 
37	 237	 13
 
17	 237	 5
 
47	 237	 10
 
34	 237	 13
 
24	 237	 6
 
44	 237	 12
 
18	 237	 5
 
53	 237	 9
 
46	 237	 11
 
35	 237	 14
 
28	 237	 13
 
16	 237	 4
 
30	 237	 14
 
51	 238	 10
 
11	 238	 2
 
40	 238	 13
 
45	 238	 12
 
54	 238	 7
 
31	 238	 14
 
19	 238	 6
 
20	 238	 6
 
49	 238	 11
 
17	 239	 6
 
24	 239	 7
 
42	 239	 13
 
53	 239	 10
 
35	 239	 15
 
27	 239	 13
 
36	 239	 15
 
58	 239	 4
 
26	 239	 13
 
25	 239	 11
 
14	 239	 3
 
46	 239	 12
 
56	 239	 6
 
41	 239	 13
 
37	 239	 14
 
55	 239	 7
 
34	 239	 14
 
23	 239	 7
 
50	 239	 11
 
47	 239	 11
 
38	 239	 14
 
54	 240	 8
 
48	 240	 11
 
44	 240	 13
 
43	 240	 13
 
52	 240	 10
 
33	 240	 15
 
49	 240	 12
 
15	 240	 4
 
42	 240	 14
 
28	 240	 14
 
39	 240	 13
 
22	 241	 7
 
31	 241	 15
 
36	 241	 16
 
40	 241	 14
 
56	 241	 7
 
23	 241	 8
 
29	 241	 14
 
65	 241	 1
 
50	 241	 12
 
59	 241	 4
 
25	 241	 12
 
32	 241	 15
 
37	 241	 15
 
33	 241	 16
 
51	 241	 11
 
43	 242	 14
 
61	 242	 3
 
34	 242	 15
 
57	 242	 5
 
39	 242	 14
 
28	 242	 15
 
35	 242	 16
 
31	 242	 16
 
41	 242	 14
 
44	 242	 14
 
40	 243	 15
 
46	 243	 13
 
21	 243	 6
 
38	 243	 15
 
62	 243	 2
 
24	 243	 8
 
26	 243	 14
 
37	 243	 16
 
32	 243	 16
 
48	 243	 12
 
36	 243	 17
 
45	 243	 13
 
34	 243	 16
 
29	 243	 15
 
30	 243	 15
 
14	 243	 4
 
54	 243	 9
 
47	 243	 12
 
52	 244	 11
 
27	 244	 14
 
35	 244	 17
 
55	 244	 8
 
46	 244	 14
 
41	 244	 15
 
25	 244	 13
 
26	 244	 15
 
13	 245	 3
 
36	 245	 18
 
50	 245	 13
 
43	 245	 15
 
54	 245	 10
 
59	 245	 5
 
38	 245	 16
 
42	 245	 15
 
47	 245	 13
 
57	 245	 6
 
56	 245	 8
 
30	 246	 16
 
51	 246	 12
 
27	 246	 15
 
48	 246	 13
 
39	 246	 15
 
55	 246	 9
 
49	 246	 13
 
45	 246	 14
 
44	 246	 15
 
53	 246	 11
 
32	 246	 17
 
34	 246	 17
 
50	 246	 14
 
20	 246	 7
 
25	 246	 14
 
43	 246	 16
 
29	 247	 16
 
40	 247	 16
 
19	 247	 7
 
37	 247	 17
 
33	 247	 17
 
41	 247	 16
 
18	 247	 6
 
57	 247	 7
 
66	 247	 1
 
51	 247	 13
 
38	 247	 17
 
21	 247	 7
 
60	 247	 4
 
36	 247	 19
 
22	 248	 8
 
52	 248	 12
 
32	 248	 18
 
34	 248	 18
 
62	 248	 3
 
44	 248	 16
 
31	 248	 17
 
30	 248	 17
 
58	 248	 5
 
27	 248	 16
 
40	 248	 17
 
28	 248	 16
 
37	 248	 18
 
24	 248	 9
 
42	 248	 16
 
35	 248	 18
 
45	 249	 15
 
18	 249	 7
 
20	 249	 8
 
41	 249	 17
 
36	 249	 20
 
47	 249	 14
 
26	 249	 16
 
23	 249	 9
 
39	 249	 16
 
63	 249	 2
 
38	 249	 18
 
21	 249	 8
 
49	 249	 14
 
46	 249	 15
 
22	 250	 9
 
33	 250	 1
 
55	 250	 1
 
48	 250	 1
 
30	 250	 1
 
53	 250	 1
 
31	 250	 1
 
35	 250	 1
 
56	 250	 1
 
42	 250	 1
 
47	 250	 1
 
51	 251	 1
 
44	 251	 1
 
55	 251	 1
 
60	 251	 1
 
39	 251	 1
 
43	 251	 1
 
48	 252	 1
 
58	 252	 1
 
57	 252	 1
 
38	 252	 1
 
37	 252	 1
 
52	 252	 1
 
49	 252	 1
 
33	 252	 1
 
40	 252	 1
 
56	 252	 1
 
50	 252	 1
 
45	 252	 1
 
46	 252	 1
 
54	 252	 1
 
29	 253	 1
 
31	 253	 1
 
51	 253	 2
 
44	 253	 2
 
34	 253	 1
 
41	 253	 1
 
37	 253	 2
 
38	 253	 2
 
36	 253	 1
 
42	 253	 1
 
32	 253	 1
 
35	 253	 1
 
58	 253	 2
 
67	 253	 1
 
52	 253	 2
 
39	 254	 2
 
61	 254	 1
 
53	 254	 1
 
45	 254	 2
 
63	 254	 1
 
29	 254	 2
 
31	 254	 2
 
59	 254	 1
 
41	 254	 2
 
30	 254	 1
 
43	 255	 2
 
46	 255	 2
 
36	 255	 2
 
42	 255	 2
 
33	 255	 2
 
48	 255	 2
 
40	 255	 2
 
34	 255	 2
 
64	 255	 1
 
35	 255	 2
 
39	 255	 3
 
50	 256	 2
 
47	 256	 1
 
56	 256	 2
 
49	 256	 2
 
30	 256	 2
 
32	 256	 2
 
54	 256	 2
 
57	 257	 2
 
38	 257	 3
 
43	 257	 3
 
48	 257	 3
 
52	 257	 3
 
45	 257	 3
 
56	 257	 3
 
33	 258	 3
 
61	 258	 2
 
40	 258	 3
 
44	 258	 3
 
49	 258	 3
 
59	 258	 2
 
58	 258	 3
 
34	 258	 3
 
29	 258	 3
 
38	 258	 4
 
53	 258	 2
 
50	 258	 3
 
41	 258	 3
 
37	 258	 3
 
57	 258	 3
 
32	 258	 3
 
51	 258	 3
 
36	 259	 3
 
46	 259	 3
 
47	 259	 2
 
55	 259	 2
 
39	 259	 4
 
52	 259	 4
 
45	 259	 4
 
42	 259	 3
 
30	 259	 3
 
35	 259	 3
 
31	 260	 3
 
43	 260	 4
 
59	 260	 3
 
68	 260	 1
 
53	 260	 3
 
34	 260	 4
 
40	 260	 4
 
29	 260	 4
 
62	 260	 1
 
39	 260	 5
 
33	 260	 4
 
54	 260	 3
 
36	 260	 4
 
46	 260	 4
 
64	 260	 2
 
60	 261	 2
 
42	 261	 4
 
30	 261	 4
 
44	 261	 4
 
47	 261	 3
 
35	 261	 4
 
43	 261	 5
 
31	 261	 4
 
49	 261	 4
 
27	 261	 1
 
41	 261	 4
 
37	 261	 4
 
65	 262	 1
 
38	 262	 5
 
33	 262	 5
 
40	 262	 5
 
32	 262	 4
 
51	 262	 4
 
48	 262	 4
 
26	 262	 1
 
57	 262	 4
 
50	 262	 4
 
55	 262	 3
 
58	 263	 4
 
44	 263	 5
 
49	 263	 5
 
53	 263	 4
 
38	 264	 6
 
39	 264	 6
 
46	 264	 5
 
57	 264	 5
 
37	 264	 5
 
62	 264	 2
 
41	 264	 5
 
45	 264	 5
 
50	 264	 5
 
60	 264	 3
 
28	 264	 1
 
59	 264	 4
 
34	 264	 5
 
32	 264	 5
 
54	 264	 4
 
51	 264	 5
 
42	 264	 5
 
31	 265	 5
 
33	 265	 6
 
35	 265	 5
 
58	 265	 5
 
52	 265	 5
 
47	 265	 4
 
48	 265	 5
 
40	 265	 6
 
56	 265	 4
 
36	 265	 5
 
39	 265	 7
 
53	 265	 5
 
46	 265	 6
 
43	 265	 6
 
34	 266	 6
 
44	 266	 6
 
29	 266	 5
 
60	 266	 4
 
69	 266	 1
 
54	 266	 5
 
31	 266	 6
 
33	 266	 7
 
41	 266	 6
 
63	 266	 2
 
22	 266	 1
 
23	 266	 1
 
37	 266	 6
 
40	 266	 7
 
55	 266	 4
 
21	 266	 1
 
47	 267	 5
 
65	 267	 2
 
32	 267	 6
 
24	 267	 1
 
61	 267	 3
 
43	 267	 7
 
45	 267	 6
 
36	 267	 6
 
48	 267	 6
 
20	 267	 1
 
38	 267	 7
 
44	 268	 7
 
50	 268	 6
 
30	 268	 5
 
42	 268	 6
 
66	 268	 1
 
41	 268	 7
 
52	 268	 6
 
49	 268	 6
 
25	 268	 1
 
29	 268	 6
 
58	 268	 6
 
19	 268	 1
 
32	 268	 7
 
51	 268	 6
 
35	 269	 6
 
56	 269	 5
 
38	 269	 8
 
37	 269	 7
 
45	 269	 7
 
59	 269	 5
 
50	 269	 7
 
34	 269	 7
 
54	 270	 6
 
39	 270	 8
 
40	 270	 8
 
47	 270	 6
 
58	 270	 7
 
36	 270	 7
 
63	 270	 3
 
42	 270	 7
 
46	 270	 7
 
51	 270	 7
 
61	 270	 4
 
60	 270	 5
 
55	 271	 5
 
52	 271	 7
 
30	 271	 6
 
43	 271	 8
 
35	 271	 7
 
59	 271	 6
 
37	 271	 8
 
34	 271	 8
 
53	 271	 6
 
26	 271	 2
 
41	 271	 8
 
48	 271	 7
 
49	 271	 7
 
57	 271	 6
 
32	 271	 8
 
18	 271	 1
 
40	 271	 9
 
54	 271	 7
 
47	 271	 7
 
33	 271	 8
 
44	 272	 8
 
36	 272	 8
 
45	 272	 8
 
61	 272	 5
 
70	 272	 1
 
55	 272	 6
 
42	 272	 8
 
29	 272	 7
 
64	 272	 3
 
30	 272	 7
 
31	 273	 7
 
41	 273	 9
 
27	 273	 2
 
56	 273	 6
 
32	 273	 9
 
25	 273	 2
 
38	 273	 9
 
48	 273	 8
 
66	 273	 2
 
35	 273	 8
 
62	 273	 3
 
39	 273	 9
 
44	 273	 9
 
24	 273	 2
 
37	 273	 9
 
46	 273	 8
 
49	 274	 8
 
45	 274	 9
 
51	 274	 8
 
43	 274	 9
 
67	 274	 2
 
33	 274	 9
 
42	 274	 9
 
28	 274	 2
 
53	 274	 7
 
50	 274	 8
 
59	 275	 7
 
35	 275	 9
 
52	 275	 8
 
37	 275	 10
 
39	 275	 10
 
57	 275	 7
 
60	 275	 6
 
46	 275	 9
 
51	 275	 9
 
31	 276	 8
 
55	 276	 7
 
41	 276	 10
 
40	 276	 10
 
27	 276	 3
 
48	 276	 9
 
38	 276	 10
 
59	 276	 8
 
36	 276	 9
 
43	 276	 10
 
64	 276	 4
 
33	 276	 10
 
47	 276	 8
 
34	 276	 9
 
52	 277	 9
 
62	 277	 4
 
61	 277	 6
 
30	 277	 8
 
56	 277	 7
 
26	 277	 3
 
53	 277	 8
 
44	 277	 10
 
60	 277	 7
 
54	 277	 8
 
49	 277	 9
 
50	 277	 9
 
42	 277	 10
 
58	 277	 8
 
28	 277	 3
 
31	 277	 9
 
41	 277	 11
 
55	 278	 8
 
17	 278	 1
 
48	 278	 10
 
35	 278	 10
 
45	 278	 10
 
36	 278	 10
 
39	 278	 11
 
29	 278	 8
 
46	 278	 10
 
62	 278	 5
 
71	 278	 1
 
37	 278	 11
 
56	 278	 8
 
43	 279	 11
 
38	 279	 11
 
65	 279	 3
 
32	 279	 10
 
42	 279	 11
 
57	 279	 8
 
49	 279	 10
 
67	 279	 3
 
35	 279	 11
 
63	 279	 4
 
45	 279	 11
 
40	 279	 11
 
39	 280	 12
 
34	 280	 10
 
29	 280	 9
 
47	 280	 9
 
50	 280	 10
 
46	 280	 11
 
37	 280	 12
 
52	 280	 10
 
44	 280	 11
 
68	 280	 2
 
43	 280	 12
 
28	 280	 4
 
33	 281	 11
 
54	 281	 9
 
51	 281	 10
 
60	 281	 8
 
38	 281	 12
 
53	 281	 9
 
58	 281	 9
 
40	 281	 12
 
23	 281	 2
 
36	 282	 11
 
31	 282	 10
 
32	 282	 11
 
47	 282	 10
 
61	 282	 7
 
52	 282	 11
 
30	 282	 9
 
34	 282	 11
 
33	 282	 12
 
27	 282	 4
 
22	 282	 2
 
56	 282	 9
 
41	 282	 12
 
42	 282	 12
 
49	 282	 11
 
60	 282	 9
 
38	 283	 13
 
44	 283	 12
 
24	 283	 3
 
65	 283	 4
 
48	 283	 11
 
53	 283	 10
 
63	 283	 5
 
62	 283	 6
 
29	 283	 10
 
57	 283	 9
 
54	 283	 10
 
45	 283	 12
 
36	 283	 12
 
25	 283	 3
 
61	 283	 8
 
30	 283	 10
 
55	 283	 9
 
23	 283	 3
 
43	 284	 13
 
50	 284	 11
 
51	 284	 11
 
59	 284	 9
 
32	 284	 12
 
35	 284	 12
 
42	 284	 13
 
56	 284	 10
 
21	 284	 2
 
49	 284	 12
 
46	 284	 12
 
40	 284	 13
 
37	 284	 13
 
39	 284	 13
 
47	 285	 11
 
63	 285	 6
 
72	 285	 1
 
57	 285	 10
 
29	 285	 11
 
44	 285	 13
 
66	 285	 3
 
43	 285	 14
 
25	 285	 4
 
28	 285	 5
 
58	 285	 10
 
50	 285	 12
 
68	 285	 3
 
35	 285	 13
 
41	 285	 13
 
64	 286	 5
 
26	 286	 4
 
46	 286	 13
 
40	 286	 14
 
31	 286	 11
 
48	 286	 12
 
33	 286	 13
 
51	 286	 12
 
37	 286	 14
 
47	 286	 12
 
53	 286	 11
 
34	 286	 12
 
45	 286	 13
 
69	 287	 2
 
22	 287	 3
 
44	 287	 14
 
39	 287	 14
 
30	 287	 11
 
55	 287	 10
 
52	 287	 12
 
38	 287	 14
 
24	 287	 4
 
61	 287	 9
 
20	 287	 2
 
41	 287	 14
 
54	 287	 11
 
33	 287	 14
 
31	 287	 12
 
59	 287	 10
 
48	 288	 13
 
62	 288	 7
 
53	 288	 12
 
27	 288	 5
 
23	 288	 4
 
32	 288	 13
 
34	 288	 13
 
36	 288	 13
 
57	 288	 11
 
43	 288	 15
 
38	 289	 15
 
42	 289	 14
 
30	 289	 12
 
50	 289	 13
 
61	 289	 10
 
45	 289	 14
 
66	 289	 4
 
49	 289	 13
 
54	 289	 12
 
64	 289	 6
 
35	 289	 14
 
63	 289	 7
 
39	 289	 15
 
21	 289	 3
 
58	 289	 11
 
55	 289	 11
 
46	 289	 14
 
62	 290	 8
 
56	 290	 11
 
37	 290	 15
 
27	 290	 6
 
51	 290	 13
 
52	 290	 13
 
60	 290	 10
 
44	 290	 15
 
26	 290	 5
 
43	 290	 16
 
25	 290	 5
 
57	 290	 12
 
32	 290	 14
 
28	 290	 6
 
50	 290	 14
 
41	 290	 15
 
47	 290	 13
 
40	 291	 15
 
48	 291	 14
 
64	 291	 7
 
31	 291	 13
 
73	 291	 1
 
58	 291	 12
 
45	 291	 15
 
36	 291	 14
 
67	 291	 4
 
44	 291	 16
 
59	 291	 11
 
51	 292	 14
 
34	 292	 14
 
69	 292	 3
 
28	 292	 7
 
41	 292	 16
 
65	 292	 5
 
47	 292	 14
 
42	 292	 15
 
49	 292	 14
 
38	 292	 16
 
52	 292	 14
 
48	 293	 15
 
31	 293	 14
 
54	 293	 13
 
39	 293	 16
 
20	 293	 3
 
46	 293	 15
 
70	 293	 2
 
33	 293	 15
 
40	 293	 16
 
45	 293	 16
 
34	 293	 15
 
29	 293	 12
 
56	 293	 12
 
53	 293	 13
 
37	 293	 16
 
62	 293	 9
 
36	 293	 15
 
55	 293	 12
 
19	 293	 2
 
35	 294	 15
 
32	 294	 15
 
60	 294	 11
 
42	 294	 16
 
38	 294	 17
 
49	 294	 15
 
63	 294	 8
 
54	 294	 14
 
39	 294	 17
 
43	 295	 17
 
58	 295	 13
 
44	 295	 17
 
27	 295	 7
 
51	 295	 15
 
62	 295	 10
 
32	 295	 16
 
67	 295	 5
 
46	 295	 16
 
50	 295	 15
 
55	 295	 13
 
65	 295	 6
 
64	 295	 8
 
40	 295	 17
 
59	 296	 12
 
37	 296	 17
 
56	 296	 13
 
29	 296	 13
 
23	 296	 5
 
47	 296	 15
 
63	 296	 9
 
57	 296	 13
 
35	 296	 16
 
45	 296	 17
 
52	 296	 15
 
53	 296	 14
 
61	 296	 11
 
44	 296	 18
 
30	 296	 13
 
58	 296	 14
 
28	 296	 8
 
51	 296	 16
 
36	 297	 16
 
48	 297	 16
 
41	 297	 17
 
42	 297	 17
 
49	 297	 16
 
65	 297	 7
 
74	 297	 1
 
59	 297	 13
 
46	 297	 17
 
68	 297	 4
 
33	 297	 16
 
45	 298	 18
 
60	 298	 12
 
43	 298	 18
 
39	 298	 18
 
52	 298	 16
 
70	 298	 3
 
66	 298	 5
 
34	 298	 16
 
48	 298	 17
 
37	 298	 18
 
42	 298	 18
 
50	 298	 16
 
40	 299	 18
 
53	 299	 15
 
35	 299	 17
 
49	 299	 17
 
29	 299	 14
 
55	 299	 14
 
26	 299	 6
 
47	 299	 16
 
36	 299	 17
 
71	 299	 2
 
30	 299	 14
 
41	 299	 18
 
46	 299	 18
 
39	 299	 19
 
38	 299	 18
 
57	 299	 14
 
54	 299	 15
 
43	 299	 19
 
63	 300	 1
 
56	 300	 1
 
37	 300	 1
 
61	 300	 1
 
33	 300	 1
 
40	 300	 1
 
35	 300	 1
 
50	 300	 1
 
64	 300	 1
 
55	 300	 1
 
59	 301	 1
 
45	 301	 1
 
44	 301	 1
 
52	 301	 1
 
63	 301	 1
 
68	 301	 1
 
47	 301	 1
 
51	 301	 1
 
56	 301	 1
 
66	 302	 1
 
41	 302	 1
 
65	 302	 1
 
36	 302	 1
 
60	 302	 1
 
57	 302	 1
 
48	 302	 1
 
64	 302	 1
 
58	 302	 1
 
46	 302	 1
 
53	 302	 1
 
54	 302	 1
 
62	 302	 1
 
34	 302	 1
 
45	 302	 2
 
43	 303	 1
 
59	 303	 2
 
38	 303	 1
 
52	 303	 2
 
49	 303	 1
 
42	 303	 1
 
36	 303	 2
 
50	 303	 1
 
66	 303	 2
 
75	 303	 1
 
60	 303	 2
 
47	 304	 2
 
40	 304	 1
 
69	 304	 1
 
46	 304	 2
 
61	 304	 1
 
33	 304	 1
 
53	 304	 2
 
71	 304	 1
 
43	 304	 2
 
34	 304	 2
 
67	 304	 1
 
49	 304	 2
 
39	 305	 1
 
44	 305	 2
 
51	 305	 2
 
54	 305	 2
 
50	 305	 2
 
40	 305	 2
 
56	 305	 2
 
38	 305	 2
 
48	 305	 2
 
41	 305	 2
 
72	 305	 1
 
37	 305	 1
 
42	 305	 2
 
47	 305	 3
 
58	 306	 2
 
55	 306	 1
 
64	 306	 2
 
57	 306	 2
 
35	 306	 1
 
62	 306	 2
 
44	 306	 3
 
36	 306	 3
 
51	 307	 3
 
65	 307	 2
 
56	 307	 3
 
41	 307	 3
 
45	 307	 3
 
60	 307	 3
 
46	 307	 3
 
53	 307	 3
 
34	 307	 3
 
64	 307	 3
 
38	 308	 3
 
69	 308	 2
 
48	 308	 3
 
52	 308	 3
 
57	 308	 3
 
67	 308	 2
 
66	 308	 3
 
36	 308	 4
 
35	 308	 2
 
42	 308	 3
 
61	 308	 2
 
58	 308	 3
 
39	 308	 2
 
49	 308	 3
 
37	 308	 2
 
65	 308	 3
 
59	 308	 3
 
47	 309	 4
 
55	 309	 2
 
54	 309	 3
 
63	 309	 2
 
46	 309	 4
 
60	 309	 4
 
53	 309	 4
 
43	 309	 3
 
34	 309	 4
 
50	 309	 3
 
44	 309	 4
 
40	 310	 3
 
51	 310	 4
 
67	 310	 3
 
76	 310	 1
 
61	 310	 3
 
48	 310	 4
 
70	 310	 1
 
33	 310	 2
 
39	 310	 3
 
47	 310	 5
 
62	 310	 3
 
37	 310	 3
 
54	 310	 4
 
72	 310	 2
 
42	 310	 4
 
41	 310	 4
 
45	 310	 4
 
68	 311	 2
 
50	 311	 4
 
52	 311	 4
 
44	 311	 5
 
55	 311	 3
 
35	 311	 3
 
51	 311	 5
 
57	 311	 4
 
38	 311	 4
 
33	 311	 3
 
49	 311	 4
 
43	 311	 4
 
73	 312	 1
 
48	 312	 5
 
59	 312	 4
 
41	 312	 5
 
56	 312	 4
 
65	 312	 4
 
45	 312	 5
 
58	 312	 4
 
63	 312	 3
 
35	 313	 4
 
37	 313	 4
 
40	 313	 4
 
52	 313	 5
 
66	 313	 4
 
57	 313	 5
 
38	 313	 5
 
42	 313	 5
 
39	 313	 4
 
46	 313	 5
 
61	 313	 4
 
47	 314	 6
 
54	 314	 5
 
65	 314	 5
 
43	 314	 5
 
70	 314	 2
 
49	 314	 5
 
53	 314	 5
 
58	 314	 5
 
68	 314	 3
 
67	 314	 4
 
36	 314	 5
 
62	 314	 4
 
59	 314	 5
 
37	 314	 5
 
50	 314	 5
 
40	 315	 5
 
66	 315	 5
 
60	 315	 5
 
42	 315	 6
 
29	 315	 1
 
48	 315	 6
 
56	 315	 5
 
55	 315	 4
 
64	 315	 4
 
39	 315	 5
 
47	 315	 7
 
61	 315	 5
 
54	 315	 6
 
45	 315	 6
 
33	 315	 4
 
51	 315	 6
 
44	 316	 6
 
52	 316	 6
 
68	 316	 4
 
30	 316	 1
 
77	 316	 1
 
62	 316	 5
 
49	 316	 6
 
71	 316	 2
 
34	 316	 5
 
48	 316	 7
 
63	 316	 4
 
55	 317	 5
 
73	 317	 2
 
46	 317	 6
 
38	 317	 6
 
45	 317	 7
 
69	 317	 3
 
51	 317	 7
 
33	 317	 5
 
53	 317	 6
 
56	 317	 6
 
41	 317	 6
 
43	 317	 6
 
52	 318	 7
 
58	 318	 6
 
40	 318	 6
 
50	 318	 6
 
36	 318	 6
 
74	 318	 1
 
44	 318	 7
 
49	 318	 7
 
42	 318	 7
 
60	 318	 6
 
57	 318	 6
 
38	 318	 7
 
66	 318	 6
 
46	 318	 7
 
59	 318	 6
 
31	 319	 1
 
64	 319	 5
 
43	 319	 7
 
53	 319	 7
 
67	 319	 5
 
58	 319	 7
 
40	 319	 7
 
42	 320	 8
 
47	 320	 8
 
37	 320	 6
 
62	 320	 6
 
34	 320	 6
 
35	 320	 5
 
48	 320	 8
 
55	 320	 6
 
66	 320	 7
 
39	 320	 6
 
71	 320	 3
 
50	 320	 7
 
54	 320	 7
 
59	 320	 7
 
69	 320	 4
 
68	 320	 5
 
36	 320	 7
 
44	 321	 8
 
63	 321	 5
 
60	 321	 7
 
51	 321	 8
 
67	 321	 6
 
41	 321	 7
 
61	 321	 6
 
49	 321	 8
 
56	 321	 7
 
57	 321	 7
 
65	 321	 6
 
48	 321	 9
 
37	 321	 7
 
62	 321	 7
 
55	 321	 7
 
46	 321	 8
 
32	 322	 1
 
52	 322	 8
 
45	 322	 8
 
53	 322	 8
 
69	 322	 5
 
78	 322	 1
 
63	 322	 6
 
39	 322	 7
 
50	 322	 8
 
72	 322	 3
 
34	 322	 7
 
49	 323	 9
 
44	 323	 9
 
43	 323	 8
 
64	 323	 6
 
41	 323	 8
 
56	 323	 8
 
74	 323	 2
 
47	 323	 9
 
46	 323	 9
 
70	 323	 3
 
52	 323	 9
 
35	 323	 6
 
54	 323	 8
 
57	 324	 8
 
53	 324	 9
 
59	 324	 8
 
51	 324	 9
 
75	 324	 2
 
45	 324	 9
 
43	 324	 9
 
50	 324	 9
 
61	 324	 7
 
58	 324	 8
 
31	 324	 2
 
38	 325	 8
 
67	 325	 7
 
32	 325	 2
 
47	 325	 10
 
60	 325	 8
 
39	 325	 8
 
42	 325	 9
 
65	 325	 7
 
37	 325	 8
 
40	 325	 8
 
35	 325	 7
 
68	 325	 6
 
59	 325	 9
 
54	 325	 9
 
41	 326	 9
 
48	 326	 10
 
63	 326	 7
 
49	 326	 10
 
36	 326	 8
 
33	 326	 6
 
56	 326	 9
 
44	 326	 10
 
67	 326	 8
 
51	 326	 10
 
72	 326	 4
 
55	 326	 8
 
60	 326	 9
 
70	 327	 4
 
45	 327	 10
 
69	 327	 6
 
27	 327	 1
 
39	 327	 9
 
64	 327	 7
 
61	 327	 8
 
52	 327	 10
 
26	 327	 1
 
68	 327	 7
 
62	 327	 8
 
37	 327	 9
 
50	 327	 10
 
57	 327	 9
 
58	 327	 9
 
66	 327	 8
 
28	 327	 1
 
49	 327	 11
 
63	 328	 8
 
41	 328	 10
 
44	 328	 11
 
56	 328	 10
 
47	 328	 11
 
42	 328	 10
 
53	 328	 10
 
46	 328	 10
 
38	 328	 9
 
40	 328	 9
 
32	 328	 3
 
54	 328	 10
 
70	 328	 5
 
79	 328	 1
 
64	 328	 8
 
51	 329	 11
 
36	 329	 9
 
73	 329	 3
 
35	 329	 8
 
50	 329	 11
 
65	 329	 8
 
34	 329	 8
 
57	 329	 10
 
75	 329	 3
 
48	 329	 11
 
43	 329	 10
 
47	 329	 12
 
71	 329	 4
 
33	 329	 7
 
53	 329	 11
 
29	 330	 2
 
55	 330	 9
 
58	 330	 10
 
54	 330	 11
 
60	 330	 10
 
45	 330	 11
 
52	 330	 11
 
76	 330	 2
 
42	 330	 11
 
46	 330	 11
 
51	 330	 12
 
40	 330	 10
 
38	 331	 10
 
62	 331	 9
 
35	 331	 9
 
59	 331	 10
 
25	 331	 1
 
68	 331	 8
 
36	 331	 10
 
48	 331	 12
 
61	 331	 9
 
66	 331	 9
 
44	 331	 12
 
69	 332	 7
 
55	 332	 10
 
60	 332	 11
 
45	 332	 12
 
39	 332	 10
 
33	 332	 8
 
30	 332	 2
 
64	 332	 9
 
49	 332	 12
 
34	 332	 9
 
50	 332	 12
 
57	 332	 11
 
68	 332	 9
 
42	 333	 12
 
41	 333	 11
 
73	 333	 4
 
52	 333	 12
 
36	 333	 11
 
56	 333	 11
 
61	 333	 10
 
71	 333	 5
 
46	 333	 12
 
70	 333	 6
 
43	 333	 11
 
44	 333	 13
 
28	 333	 2
 
65	 333	 9
 
62	 333	 10
 
53	 333	 12
 
37	 333	 10
 
69	 333	 8
 
63	 333	 9
 
38	 333	 11
 
39	 334	 11
 
51	 334	 13
 
58	 334	 11
 
59	 334	 11
 
67	 334	 9
 
50	 334	 13
 
34	 334	 10
 
64	 334	 10
 
57	 334	 12
 
48	 334	 13
 
40	 334	 11
 
54	 334	 12
 
47	 334	 13
 
41	 335	 12
 
55	 335	 11
 
71	 335	 6
 
80	 335	 1
 
43	 335	 12
 
65	 335	 10
 
52	 335	 13
 
74	 335	 3
 
51	 335	 14
 
27	 335	 2
 
66	 335	 10
 
58	 335	 12
 
76	 335	 3
 
45	 335	 13
 
49	 335	 13
 
31	 335	 3
 
48	 336	 14
 
72	 336	 5
 
54	 336	 13
 
37	 336	 11
 
30	 336	 3
 
56	 336	 12
 
59	 336	 12
 
29	 336	 3
 
55	 336	 12
 
61	 336	 11
 
46	 336	 13
 
53	 336	 13
 
77	 337	 2
 
42	 337	 13
 
47	 337	 14
 
52	 337	 14
 
36	 337	 12
 
45	 337	 14
 
63	 337	 10
 
40	 337	 12
 
60	 337	 12
 
69	 337	 9
 
39	 337	 12
 
49	 337	 14
 
62	 337	 11
 
32	 337	 4
 
67	 338	 10
 
34	 338	 11
 
41	 338	 13
 
35	 338	 10
 
56	 338	 13
 
70	 338	 7
 
43	 338	 13
 
61	 338	 12
 
33	 338	 9
 
46	 338	 14
 
38	 338	 12
 
42	 338	 14
 
44	 338	 14
 
37	 338	 12
 
50	 338	 14
 
65	 338	 11
 
36	 338	 13
 
51	 339	 15
 
58	 339	 13
 
69	 339	 10
 
39	 339	 13
 
74	 339	 4
 
53	 339	 14
 
57	 339	 13
 
62	 339	 12
 
47	 339	 15
 
72	 339	 6
 
32	 339	 5
 
71	 339	 7
 
31	 339	 4
 
34	 339	 12
 
41	 339	 14
 
66	 339	 11
 
40	 339	 13
 
63	 339	 11
 
54	 339	 14
 
43	 340	 14
 
70	 340	 8
 
64	 340	 11
 
38	 340	 13
 
52	 340	 15
 
59	 340	 13
 
60	 340	 13
 
68	 340	 10
 
51	 340	 16
 
65	 340	 12
 
58	 340	 14
 
49	 340	 15
 
55	 340	 13
 
37	 340	 13
 
48	 340	 15
 
56	 341	 14
 
72	 341	 7
 
81	 341	 1
 
66	 341	 12
 
35	 341	 11
 
53	 341	 15
 
75	 341	 4
 
40	 341	 14
 
52	 341	 16
 
44	 341	 15
 
67	 341	 11
 
59	 342	 14
 
77	 342	 3
 
46	 342	 15
 
50	 342	 15
 
49	 342	 16
 
73	 342	 5
 
55	 342	 14
 
42	 342	 15
 
57	 342	 14
 
60	 342	 14
 
45	 342	 15
 
56	 343	 15
 
32	 343	 6
 
62	 343	 13
 
47	 343	 16
 
54	 343	 15
 
78	 343	 2
 
48	 343	 16
 
53	 343	 16
 
46	 343	 16
 
64	 343	 12
 
61	 343	 13
 
70	 343	 9
 
50	 343	 16
 
63	 343	 12
 
42	 344	 16
 
44	 344	 16
 
38	 344	 14
 
40	 344	 15
 
68	 344	 11
 
33	 344	 10
 
57	 344	 15
 
71	 344	 8
 
62	 344	 14
 
32	 344	 7
 
35	 344	 12
 
36	 344	 14
 
47	 344	 17
 
51	 345	 17
 
66	 345	 13
 
52	 345	 17
 
59	 345	 15
 
43	 345	 15
 
70	 345	 10
 
30	 345	 4
 
41	 345	 15
 
75	 345	 5
 
54	 345	 16
 
38	 345	 15
 
40	 345	 16
 
58	 345	 15
 
63	 345	 13
 
48	 345	 17
 
73	 345	 6
 
72	 345	 8
 
67	 346	 12
 
55	 346	 15
 
64	 346	 13
 
39	 346	 14
 
45	 346	 16
 
71	 346	 9
 
65	 346	 13
 
33	 346	 11
 
53	 346	 17
 
60	 346	 15
 
61	 346	 14
 
69	 346	 11
 
52	 346	 18
 
66	 346	 14
 
59	 346	 16
 
50	 347	 17
 
31	 347	 5
 
56	 347	 16
 
49	 347	 17
 
57	 347	 16
 
37	 347	 14
 
73	 347	 7
 
82	 347	 1
 
67	 347	 13
 
54	 347	 17
 
36	 347	 15
 
76	 347	 4
 
53	 348	 18
 
45	 348	 17
 
68	 348	 12
 
60	 348	 16
 
78	 348	 3
 
47	 348	 18
 
43	 348	 16
 
51	 348	 18
 
50	 348	 18
 
74	 348	 5
 
56	 348	 17
 
41	 348	 16
 
58	 348	 16
 
44	 348	 17
 
61	 349	 15
 
46	 349	 17
 
57	 349	 17
 
63	 349	 14
 
48	 349	 18
 
55	 349	 16
 
79	 349	 2
 
49	 349	 18
 
39	 349	 15
 
37	 349	 15
 
54	 349	 18
 
34	 349	 13
 
47	 349	 19
 
65	 349	 14
 
62	 349	 15
 
71	 350	 1
 
51	 350	 1
 
64	 350	 1
 
42	 350	 1
 
69	 350	 1
 
43	 350	 1
 
44	 350	 1
 
58	 350	 1
 
72	 350	 1
 
63	 350	 1
 
41	 351	 1
 
48	 351	 1
 
45	 351	 1
 
52	 351	 1
 
67	 351	 1
 
53	 351	 1
 
60	 351	 1
 
71	 351	 1
 
76	 351	 1
 
55	 351	 1
 
59	 351	 1
 
64	 352	 1
 
74	 352	 1
 
49	 352	 1
 
39	 352	 1
 
73	 352	 1
 
40	 352	 1
 
68	 352	 1
 
65	 352	 1
 
56	 352	 1
 
46	 352	 1
 
72	 352	 1
 
66	 352	 1
 
54	 352	 1
 
61	 352	 1
 
62	 352	 1
 
70	 352	 1
 
53	 352	 2
 
67	 353	 2
 
45	 353	 2
 
60	 353	 2
 
51	 353	 1
 
57	 353	 1
 
50	 353	 1
 
42	 353	 1
 
37	 353	 1
 
58	 353	 1
 
38	 353	 1
 
74	 353	 2
 
83	 353	 1
 
44	 353	 1
 
68	 353	 2
 
55	 354	 2
 
77	 354	 1
 
54	 354	 2
 
46	 354	 2
 
69	 354	 1
 
61	 354	 2
 
79	 354	 1
 
48	 354	 2
 
52	 354	 2
 
51	 354	 2
 
40	 354	 2
 
75	 354	 1
 
57	 354	 2
 
59	 355	 2
 
62	 355	 2
 
47	 355	 1
 
37	 355	 2
 
44	 355	 2
 
58	 355	 2
 
64	 355	 2
 
49	 355	 2
 
56	 355	 2
 
43	 355	 1
 
80	 355	 1
 
50	 355	 2
 
55	 355	 3
 
48	 356	 3
 
66	 356	 2
 
42	 356	 2
 
63	 356	 1
 
72	 356	 2
 
52	 356	 3
 
65	 356	 2
 
70	 356	 2
 
41	 356	 2
 
39	 356	 2
 
59	 357	 3
 
73	 357	 2
 
64	 357	 3
 
49	 357	 3
 
40	 357	 3
 
46	 357	 3
 
43	 357	 2
 
38	 357	 2
 
53	 357	 3
 
54	 357	 3
 
68	 357	 3
 
61	 357	 3
 
72	 357	 3
 
45	 358	 3
 
77	 358	 2
 
56	 358	 3
 
60	 358	 3
 
65	 358	 3
 
75	 358	 2
 
50	 358	 3
 
74	 358	 3
 
69	 358	 2
 
66	 358	 3
 
57	 358	 3
 
47	 358	 2
 
73	 358	 3
 
67	 358	 3
 
55	 358	 4
 
62	 359	 3
 
63	 359	 2
 
71	 359	 2
 
54	 359	 4
 
68	 359	 4
 
46	 359	 4
 
40	 359	 4
 
61	 359	 4
 
42	 359	 3
 
52	 359	 4
 
58	 359	 3
 
51	 359	 3
 
38	 359	 3
 
45	 359	 4
 
41	 360	 3
 
59	 360	 4
 
75	 360	 3
 
84	 360	 1
 
69	 360	 3
 
56	 360	 4
 
78	 360	 1
 
55	 360	 5
 
47	 360	 3
 
70	 360	 3
 
62	 360	 4
 
80	 360	 2
 
49	 360	 4
 
43	 360	 3
 
53	 360	 4
 
52	 361	 5
 
76	 361	 2
 
58	 361	 4
 
44	 361	 3
 
39	 361	 3
 
60	 361	 4
 
63	 361	 3
 
48	 361	 4
 
41	 361	 4
 
59	 361	 5
 
65	 361	 4
 
50	 361	 4
 
57	 361	 4
 
81	 362	 1
 
51	 362	 4
 
56	 362	 5
 
49	 362	 5
 
67	 362	 4
 
43	 362	 4
 
64	 362	 4
 
73	 362	 4
 
53	 362	 5
 
66	 362	 4
 
39	 362	 4
 
71	 363	 3
 
45	 363	 5
 
60	 363	 5
 
74	 363	 4
 
65	 363	 5
 
50	 363	 5
 
38	 363	 4
 
54	 363	 5
 
42	 363	 4
 
47	 363	 4
 
55	 363	 6
 
69	 363	 4
 
62	 364	 5
 
73	 364	 5
 
46	 364	 5
 
78	 364	 2
 
57	 364	 5
 
61	 364	 5
 
66	 364	 5
 
76	 364	 3
 
51	 364	 5
 
75	 364	 4
 
45	 364	 6
 
70	 364	 4
 
67	 364	 5
 
58	 364	 5
 
48	 365	 5
 
41	 365	 5
 
74	 365	 5
 
44	 365	 4
 
68	 365	 5
 
56	 365	 6
 
63	 365	 4
 
64	 365	 5
 
72	 365	 4
 
55	 365	 7
 
42	 365	 5
 
69	 365	 5
 
47	 365	 5
 
62	 365	 6
 
53	 365	 6
 
59	 365	 6
 
52	 365	 6
 
40	 366	 5
 
46	 366	 6
 
60	 366	 6
 
76	 366	 4
 
85	 366	 1
 
70	 366	 5
 
57	 366	 6
 
41	 366	 6
 
79	 366	 2
 
38	 366	 5
 
54	 366	 6
 
56	 366	 7
 
44	 366	 5
 
48	 366	 6
 
71	 366	 4
 
39	 366	 5
 
63	 367	 5
 
81	 367	 2
 
50	 367	 6
 
53	 367	 7
 
77	 367	 3
 
36	 367	 1
 
59	 367	 7
 
37	 367	 3
 
61	 367	 6
 
64	 367	 6
 
49	 367	 6
 
60	 368	 7
 
66	 368	 6
 
51	 368	 6
 
58	 368	 6
 
82	 368	 1
 
52	 368	 7
 
57	 368	 7
 
54	 368	 7
 
50	 368	 7
 
68	 368	 6
 
65	 368	 6
 
74	 368	 6
 
40	 368	 6
 
39	 368	 6
 
67	 368	 6
 
43	 369	 5
 
72	 369	 5
 
46	 369	 7
 
42	 369	 6
 
61	 369	 7
 
66	 369	 7
 
75	 369	 5
 
51	 369	 7
 
55	 369	 8
 
48	 370	 7
 
70	 370	 6
 
56	 370	 8
 
44	 370	 6
 
33	 370	 1
 
63	 370	 6
 
74	 370	 7
 
47	 370	 6
 
45	 370	 7
 
79	 370	 3
 
58	 370	 7
 
62	 370	 7
 
67	 370	 7
 
77	 370	 4
 
52	 370	 8
 
76	 370	 5
 
40	 370	 7
 
42	 370	 7
 
46	 371	 8
 
71	 371	 5
 
68	 371	 7
 
59	 371	 8
 
49	 371	 7
 
75	 371	 6
 
69	 371	 6
 
37	 371	 4
 
57	 371	 8
 
54	 371	 8
 
64	 371	 7
 
65	 371	 7
 
73	 371	 6
 
56	 371	 9
 
70	 371	 7
 
48	 371	 8
 
63	 371	 7
 
44	 372	 7
 
60	 372	 8
 
53	 372	 8
 
47	 372	 7
 
61	 372	 8
 
77	 372	 5
 
38	 372	 6
 
86	 372	 1
 
71	 372	 6
 
58	 372	 8
 
80	 372	 3
 
55	 373	 9
 
43	 373	 6
 
57	 373	 9
 
54	 373	 9
 
49	 373	 8
 
72	 373	 6
 
64	 373	 8
 
82	 373	 2
 
51	 373	 8
 
40	 373	 8
 
78	 373	 3
 
60	 373	 9
 
45	 373	 8
 
34	 373	 1
 
62	 373	 8
 
65	 374	 8
 
50	 374	 8
 
38	 374	 7
 
61	 374	 9
 
67	 374	 8
 
52	 374	 9
 
59	 374	 9
 
83	 374	 2
 
53	 374	 9
 
58	 374	 9
 
55	 374	 10
 
43	 374	 7
 
51	 374	 9
 
41	 374	 7
 
69	 374	 7
 
66	 374	 8
 
40	 375	 9
 
75	 375	 7
 
68	 375	 8
 
73	 375	 7
 
47	 375	 8
 
62	 375	 9
 
76	 375	 6
 
67	 375	 9
 
45	 375	 9
 
52	 376	 10
 
49	 376	 9
 
56	 376	 10
 
71	 376	 7
 
57	 376	 10
 
64	 376	 9
 
75	 376	 8
 
48	 376	 9
 
46	 376	 9
 
80	 376	 4
 
59	 376	 10
 
63	 376	 8
 
68	 377	 9
 
78	 377	 4
 
53	 377	 10
 
77	 377	 6
 
47	 377	 9
 
72	 377	 7
 
69	 377	 8
 
60	 377	 10
 
50	 377	 9
 
76	 377	 7
 
70	 377	 8
 
58	 377	 10
 
55	 377	 11
 
66	 377	 9
 
65	 377	 9
 
74	 377	 8
 
57	 377	 11
 
54	 378	 10
 
71	 378	 8
 
49	 378	 10
 
64	 378	 10
 
38	 378	 8
 
37	 378	 5
 
35	 378	 1
 
61	 378	 10
 
43	 378	 8
 
44	 378	 8
 
41	 378	 8
 
39	 378	 7
 
48	 378	 10
 
62	 378	 10
 
78	 378	 5
 
87	 378	 1
 
72	 378	 8
 
59	 379	 11
 
42	 379	 8
 
81	 379	 3
 
58	 379	 11
 
50	 379	 10
 
55	 379	 12
 
73	 379	 8
 
83	 379	 3
 
65	 379	 10
 
52	 379	 11
 
56	 379	 11
 
79	 379	 4
 
61	 379	 11
 
46	 380	 10
 
63	 380	 9
 
66	 380	 10
 
51	 380	 10
 
43	 380	 9
 
62	 380	 11
 
54	 380	 11
 
68	 380	 10
 
53	 380	 11
 
60	 380	 11
 
84	 380	 2
 
59	 380	 12
 
52	 381	 12
 
70	 381	 9
 
67	 381	 10
 
76	 381	 8
 
56	 381	 12
 
69	 381	 9
 
74	 381	 9
 
48	 381	 11
 
45	 381	 10
 
44	 381	 9
 
63	 382	 10
 
77	 382	 7
 
68	 382	 11
 
46	 382	 11
 
53	 382	 12
 
39	 382	 8
 
50	 382	 11
 
57	 382	 12
 
72	 382	 9
 
58	 382	 12
 
41	 382	 9
 
42	 382	 9
 
65	 382	 11
 
76	 382	 9
 
54	 382	 12
 
49	 383	 11
 
47	 383	 10
 
81	 383	 4
 
60	 383	 12
 
64	 383	 11
 
69	 383	 10
 
79	 383	 5
 
38	 383	 9
 
78	 383	 6
 
48	 383	 12
 
73	 383	 9
 
70	 383	 10
 
61	 383	 12
 
36	 383	 2
 
51	 383	 11
 
77	 383	 8
 
71	 383	 9
 
59	 384	 13
 
66	 384	 11
 
67	 384	 11
 
75	 384	 9
 
58	 384	 13
 
39	 384	 9
 
55	 384	 13
 
72	 384	 10
 
50	 384	 12
 
44	 384	 10
 
65	 384	 12
 
56	 384	 13
 
62	 384	 12
 
40	 384	 10
 
49	 384	 12
 
42	 385	 10
 
45	 385	 11
 
63	 385	 11
 
79	 385	 6
 
88	 385	 1
 
73	 385	 10
 
60	 385	 13
 
82	 385	 3
 
59	 385	 14
 
51	 385	 12
 
74	 385	 10
 
66	 385	 12
 
84	 385	 3
 
53	 385	 13
 
35	 385	 2
 
57	 385	 13
 
56	 386	 14
 
80	 386	 5
 
62	 386	 13
 
47	 386	 11
 
54	 386	 13
 
64	 386	 12
 
67	 386	 12
 
52	 386	 13
 
45	 386	 12
 
63	 386	 12
 
55	 386	 14
 
69	 386	 11
 
61	 386	 13
 
85	 387	 2
 
60	 387	 14
 
43	 387	 10
 
53	 387	 14
 
71	 387	 10
 
68	 387	 12
 
77	 387	 9
 
57	 387	 14
 
70	 387	 11
 
54	 387	 14
 
75	 388	 10
 
49	 388	 13
 
46	 388	 12
 
78	 388	 7
 
64	 388	 13
 
69	 388	 12
 
47	 388	 12
 
40	 388	 11
 
51	 388	 13
 
37	 388	 6
 
58	 388	 14
 
73	 388	 11
 
59	 388	 15
 
66	 389	 13
 
77	 389	 10
 
55	 389	 15
 
42	 389	 11
 
50	 389	 13
 
48	 389	 13
 
82	 389	 4
 
61	 389	 14
 
65	 389	 13
 
70	 389	 12
 
80	 389	 6
 
79	 389	 7
 
49	 389	 14
 
74	 389	 11
 
71	 389	 11
 
62	 389	 14
 
45	 390	 13
 
52	 390	 14
 
78	 390	 8
 
72	 390	 11
 
60	 390	 15
 
36	 390	 3
 
67	 390	 13
 
68	 390	 13
 
40	 390	 12
 
76	 390	 10
 
59	 390	 16
 
73	 390	 12
 
51	 390	 14
 
43	 390	 11
 
66	 390	 14
 
57	 390	 15
 
63	 390	 13
 
56	 390	 15
 
44	 391	 11
 
41	 391	 10
 
50	 391	 14
 
46	 391	 13
 
64	 391	 14
 
80	 391	 7
 
89	 391	 1
 
74	 391	 12
 
39	 391	 10
 
61	 391	 15
 
54	 391	 15
 
45	 391	 14
 
83	 391	 4
 
60	 391	 16
 
52	 391	 15
 
75	 391	 11
 
67	 392	 14
 
85	 392	 3
 
58	 392	 15
 
57	 392	 16
 
81	 392	 5
 
63	 392	 14
 
43	 392	 12
 
48	 392	 14
 
55	 392	 16
 
65	 392	 14
 
68	 392	 14
 
53	 392	 15
 
37	 392	 7
 
46	 392	 14
 
64	 393	 15
 
70	 393	 13
 
54	 393	 16
 
62	 393	 15
 
86	 393	 2
 
56	 393	 16
 
61	 393	 16
 
72	 393	 12
 
69	 393	 13
 
78	 393	 9
 
58	 393	 16
 
71	 393	 12
 
44	 394	 12
 
55	 394	 17
 
41	 394	 11
 
76	 394	 11
 
47	 394	 13
 
50	 394	 15
 
38	 394	 10
 
79	 394	 8
 
65	 394	 15
 
70	 394	 14
 
48	 394	 15
 
52	 395	 16
 
59	 395	 17
 
74	 395	 13
 
60	 395	 17
 
67	 395	 15
 
78	 395	 10
 
51	 395	 15
 
49	 395	 15
 
83	 395	 5
 
62	 395	 16
 
66	 395	 15
 
71	 395	 13
 
81	 395	 6
 
56	 395	 17
 
44	 395	 13
 
80	 395	 8
 
50	 396	 16
 
41	 396	 12
 
75	 396	 12
 
72	 396	 13
 
63	 396	 15
 
46	 396	 15
 
53	 396	 16
 
79	 396	 9
 
73	 396	 13
 
61	 396	 17
 
42	 396	 12
 
68	 396	 15
 
69	 396	 14
 
77	 396	 11
 
60	 396	 18
 
74	 396	 14
 
52	 396	 17
 
67	 396	 16
 
58	 396	 17
 
64	 397	 16
 
57	 397	 17
 
51	 397	 16
 
47	 397	 14
 
65	 397	 16
 
40	 397	 13
 
81	 397	 7
 
90	 397	 1
 
75	 397	 13
 
62	 397	 17
 
55	 397	 18
 
46	 397	 16
 
54	 397	 17
 
84	 397	 4
 
38	 398	 11
 
61	 398	 18
 
53	 398	 17
 
76	 398	 12
 
68	 398	 16
 
86	 398	 3
 
42	 398	 13
 
59	 398	 18
 
58	 398	 18
 
82	 398	 5
 
64	 398	 17
 
49	 398	 16
 
66	 398	 16
 
69	 399	 15
 
47	 399	 15
 
44	 399	 14
 
65	 399	 17
 
71	 399	 14
 
55	 399	 19
 
56	 399	 18
 
63	 399	 16
 
87	 399	 2
 
57	 399	 18
 
62	 399	 18
 
45	 399	 15
 
73	 399	 14
 
70	 399	 15
 
